claim_id,risk_category,claim_amount,claim_date,settled
1,Auto,45591.58915867669,2022-01-09,True
2,Auto,104633.78438224681,2023-03-12,True
3,Fraud,9682.992379751015,2022-06-05,False
4,Medical,23853.99769904052,2023-11-19,False
5,Medical,60891.73012920956,2022-04-24,True
6,Auto,15360.968269182136,2022-06-16,True
7,Auto,51802.446866359336,2023-05-03,False
8,Fraud,139248.3981448797,2023-03-13,False
9,Medical,16577.39389585206,2022-08-11,False
10,Medical,42380.47521949806,2022-07-10,False
11,Auto,2270.173205108759,2023-07-30,False
12,Medical,28166.547551431704,2022-06-22,False
13,Auto,41531.17830993953,2022-09-14,False
14,Auto,43336.692831932014,2023-12-16,False
15,Property,42862.03326505472,2023-03-26,True
16,Property,12540.78538306712,2023-05-16,True
17,Fraud,27277.187652798246,2022-03-18,True
18,Auto,26339.878934395452,2023-09-07,True
19,Fraud,48885.698744674635,2022-08-14,False
20,Property,94519.46190997418,2022-08-14,False
21,Medical,1021.8308134701684,2023-08-31,False
22,Property,33340.40403836896,2022-03-17,True
23,Property,59892.83881032633,2022-02-02,True
24,Property,82261.91456394647,2023-08-17,False
25,Medical,44820.484758438884,2022-03-10,True
26,Property,98294.66552298119,2023-02-19,False
27,Auto,9422.976403764404,2023-03-24,False
28,Auto,7497.919363629258,2022-12-28,True
29,Property,10550.882921743927,2023-01-05,True
30,Fraud,32326.68861150745,2023-02-03,False
31,Fraud,77733.90403487254,2022-04-30,True
32,Medical,29534.40464088848,2022-02-17,False
33,Medical,12196.238181909826,2022-03-09,False
34,Auto,47931.061659378785,2022-12-05,False
35,Auto,81448.13918972826,2022-03-26,False
36,Property,86091.58466850112,2023-01-12,True
37,Fraud,75053.41093798274,2023-01-20,False
38,Auto,62754.56697704131,2022-10-03,True
39,Fraud,23445.5939017917,2022-07-24,False
40,Medical,40612.310370283405,2022-03-06,True
41,Medical,78488.76518061699,2022-03-20,False
42,Property,23893.064663040215,2023-06-10,False
43,Property,67859.41599805775,2022-11-21,True
44,Auto,,2023-01-13,False
45,Fraud,18029.049607420777,2023-11-12,False
46,Auto,56214.469203790286,2023-11-02,False
47,Auto,10738.307662853253,2023-09-20,False
48,Fraud,37095.95298180561,2022-12-12,True
49,Auto,103858.92363319725,2023-12-05,True
50,Property,15687.987270998181,2023-03-11,False
51,Fraud,8594.402570652432,2023-11-26,False
52,Fraud,42210.10688514713,2023-01-13,False
53,Auto,18365.461414615485,2023-11-11,True
54,Fraud,78156.89636205007,2022-01-15,False
55,Property,96323.11445037955,2023-03-30,True
56,Property,24533.998000310512,2022-07-12,True
57,Medical,20129.684792707456,2022-08-21,True
58,Medical,15035.50574162214,2022-09-20,True
59,Medical,22264.55870326977,2023-03-22,False
60,Medical,8273.797405765752,2022-02-23,False
61,Auto,4970.653944047732,2023-11-23,True
62,Medical,35639.847991271396,2022-01-04,True
63,Medical,67738.3431974644,2022-09-14,False
64,Medical,55598.60190332997,2022-12-27,False
65,Medical,20852.159137845993,2022-08-28,False
66,Auto,78324.96957245276,2023-04-27,False
67,Medical,30919.72630086181,2023-11-06,True
68,Fraud,3804.429808756975,2023-04-06,False
69,Property,47156.68856823875,2022-05-18,True
70,Fraud,20615.81646834374,2023-03-27,False
71,Auto,54019.26215429829,2022-11-20,True
72,Auto,,2023-04-18,False
73,Auto,64212.94913604573,2023-09-06,False
74,Property,75261.7732050437,2023-04-22,False
75,Medical,26457.610130367244,2022-07-12,False
76,Auto,,2022-11-03,True
77,Medical,23643.969742090783,2023-06-26,False
78,Auto,19796.880434074672,2022-08-09,False
79,Property,29022.169625760507,2022-06-21,True
80,Fraud,39183.05430788874,2022-06-09,True
81,Fraud,49530.943485594515,2022-06-21,True
82,Property,39804.76717842269,2022-03-04,True
83,Medical,29625.50099320153,2023-07-27,False
84,Auto,49283.41866105085,2022-03-06,False
85,Fraud,24646.193559759184,2022-06-18,False
86,Property,29037.428369538233,2022-03-22,False
87,Medical,15532.166299838866,2022-09-25,True
88,Fraud,3024.5083301552604,2023-01-15,False
89,Property,31185.39472861505,2022-03-14,True
90,Auto,32982.361384492695,2022-11-28,False
91,Property,20744.447885206704,2022-07-07,True
92,Medical,50088.023097052894,2022-01-25,True
93,Fraud,119960.70036097539,2022-08-16,True
94,Auto,13347.652480430354,2022-04-28,True
95,Medical,63758.55107524789,2023-03-21,True
96,Property,55757.703523226635,2022-04-18,True
97,Fraud,13479.559257336658,2022-08-30,True
98,Fraud,12715.327113851492,2023-09-03,True
99,Medical,9571.325411907917,2023-06-18,False
100,Auto,98439.5496893623,2023-04-26,True
101,Medical,105723.33333824095,2023-05-18,False
102,Fraud,99486.49152807858,2023-05-13,True
103,Fraud,63540.682317944076,2022-02-25,False
104,Fraud,35902.496133257664,2022-05-29,False
105,Auto,37617.01476856622,2022-11-07,True
106,Fraud,4400.542328214301,2023-07-06,False
107,Fraud,17431.667039782467,2023-10-24,False
108,Medical,19842.16742374512,2022-05-01,False
109,Fraud,11359.724124605405,2022-01-26,True
110,Property,44791.8978924805,2022-04-22,True
111,Medical,25230.32131860055,2023-05-26,True
112,Fraud,25711.49404233926,2022-01-23,True
113,Medical,46475.760132761934,2023-11-12,False
114,Medical,30754.96749418844,2022-09-21,False
115,Property,35780.59097441985,2022-04-26,False
116,Medical,10655.227446189137,2023-04-25,False
117,Medical,11845.012604744079,2022-11-03,True
118,Auto,8260.749801273032,2022-08-19,True
119,Fraud,98274.65043246403,2023-12-02,True
120,Auto,66500.08521666164,2023-05-07,True
121,Fraud,24967.62645147141,2022-04-30,False
122,Medical,27430.528926075,2022-10-13,False
123,Fraud,86368.45369089647,2023-02-11,False
124,Medical,29704.759404427987,2022-12-24,True
125,Fraud,31399.138918872723,2022-06-01,False
126,Medical,35103.57663663206,2023-08-21,False
127,Fraud,32473.51932591702,2022-11-21,False
128,Fraud,7557.361915441246,2022-09-03,False
129,Fraud,19510.594923813835,2022-11-11,False
130,Medical,12585.558876946048,2022-06-11,False
131,Fraud,19653.226575930094,2023-09-04,True
132,Medical,40934.57464940156,2023-01-04,False
133,Auto,51151.20677206409,2022-07-04,True
134,Fraud,30546.043074916066,2022-10-03,True
135,Property,20701.753821673374,2023-06-13,True
136,Property,16209.204067979379,2023-03-12,False
137,Medical,26546.28679282595,2022-09-17,False
138,Property,35118.105011309985,2022-09-02,True
139,Medical,15998.311727553459,2022-12-04,False
140,Medical,29192.944715875776,2022-02-19,False
141,Property,16265.68736547461,2022-09-29,False
142,Property,52396.32245761289,2022-08-23,True
143,Auto,20707.79376108826,2023-08-07,False
144,Medical,26031.550284508605,2023-07-10,False
145,Property,37319.01613758924,2022-11-02,True
146,Auto,61424.16176196092,2023-04-22,True
147,Auto,26049.65198191919,2023-05-03,False
148,Medical,20733.510401753676,2022-03-21,False
149,Fraud,52648.21707660071,2022-10-13,True
150,Property,18596.219603311907,2023-07-15,True
151,Property,13138.7365584058,2022-04-08,True
152,Property,27186.99728058753,2023-04-23,False
153,Property,32817.96297244698,2023-02-10,False
154,Property,104494.38356734792,2023-06-21,False
155,Property,11729.379157352547,2023-12-27,False
156,Auto,15843.56126286365,2023-07-22,False
157,Medical,41127.88350294408,2022-09-12,False
158,Auto,35566.1344907328,2023-10-30,True
159,Property,77722.14245727389,2023-05-02,False
160,Medical,10687.895103372495,2023-11-04,False
161,Property,57424.91063998071,2022-07-13,True
162,Medical,49301.590014595946,2023-05-31,True
163,Auto,11259.025841794466,2023-04-09,True
164,Medical,27058.259684207653,2023-05-19,True
165,Auto,18093.535284628,2022-02-05,True
166,Property,11172.867349290931,2022-01-16,True
167,Medical,49330.20617139394,2023-10-11,True
168,Fraud,75881.19649633867,2023-08-13,True
169,Fraud,43003.51340373326,2022-03-14,True
170,Auto,20674.283124930902,2022-11-16,False
171,Auto,32315.800763449577,2022-09-02,False
172,Auto,66385.13352178354,2022-07-14,False
173,Auto,92387.26056027914,2022-03-30,True
174,Property,26509.469198501563,2022-05-19,False
175,Fraud,48537.49112387266,2023-07-17,True
176,Auto,,2023-10-21,True
177,Medical,10710.222772192647,2023-02-01,True
178,Medical,57079.048972045384,2023-04-29,True
179,Property,47788.42470278957,2023-01-22,False
180,Auto,67265.98173547054,2023-01-03,False
181,Medical,37433.71651109658,2023-04-03,True
182,Auto,17456.04679584799,2023-02-26,False
183,Medical,29380.083636551037,2022-08-20,False
184,Property,20741.64392028725,2023-06-23,True
185,Medical,34424.3073137398,2022-12-10,False
186,Auto,31233.222637442286,2023-12-21,False
187,Auto,110645.06485628315,2022-05-18,False
188,Property,147672.05879184217,2023-01-09,True
189,Fraud,10949.894456711407,2023-03-13,False
190,Auto,31761.499242037145,2022-06-04,False
191,Fraud,50604.72630963265,2023-06-03,True
192,Auto,16665.912713859358,2022-04-25,False
193,Property,33046.663846884025,2022-04-02,False
194,Medical,32410.951279080065,2022-12-12,True
195,Fraud,75723.67771654087,2023-08-17,True
196,Medical,76473.6410573578,2023-06-09,False
197,Property,18726.814852093026,2023-08-07,True
198,Property,36511.97871807823,2022-04-01,False
199,Property,41245.68537633001,2023-12-01,True
200,Auto,3078.4780592094467,2023-02-02,True
201,Auto,25886.9241158244,2022-04-15,True
202,Auto,2367.2330611043344,2023-08-19,False
203,Auto,35600.055895499114,2023-06-24,False
204,Fraud,18535.733983231705,2022-10-06,True
205,Property,41761.10030818818,2022-01-12,True
206,Fraud,27744.02696548578,2022-11-03,False
207,Auto,49006.66201145593,2022-12-30,True
208,Medical,107873.06367398083,2023-10-24,True
209,Fraud,12593.222462614734,2022-11-14,True
210,Medical,39819.803371517,2023-06-22,False
211,Auto,29870.642959668632,2022-08-02,False
212,Fraud,46717.731485950884,2022-11-10,True
213,Fraud,36235.23462654081,2023-03-31,True
214,Fraud,16734.06952862858,2023-02-03,False
215,Medical,42660.07739435427,2022-08-10,False
216,Auto,35368.00007820693,2023-08-03,True
217,Property,34713.69011548856,2022-09-19,True
218,Property,31253.255439936933,2023-05-11,True
219,Auto,54675.42763948385,2023-09-15,False
220,Fraud,22737.929009821357,2022-05-10,True
221,Property,45897.837298978506,2022-06-08,False
222,Fraud,34176.85377123738,2022-10-18,True
223,Auto,26899.467083139578,2023-06-27,True
224,Medical,34609.26748157194,2022-03-30,True
225,Fraud,51792.11211392488,2022-11-28,False
226,Medical,123022.61086945387,2023-09-22,False
227,Medical,38038.29378728783,2023-05-21,True
228,Auto,32460.384613816568,2022-05-10,True
229,Auto,29519.662863902304,2022-07-26,True
230,Medical,20822.25754862879,2022-12-26,False
231,Medical,92568.85814386542,2022-02-28,True
232,Property,179463.5840376286,2022-04-06,True
233,Property,27134.11315419711,2022-09-03,False
234,Auto,18544.27753330278,2023-04-04,False
235,Fraud,7998.490227749947,2022-05-25,True
236,Medical,124019.12920953282,2022-11-06,False
237,Fraud,66476.8752513005,2023-09-29,False
238,Medical,27845.005540689734,2023-06-18,False
239,Auto,52108.32781377757,2023-01-16,False
240,Fraud,30955.332828625254,2022-12-19,False
241,Auto,17277.021767349237,2022-10-12,False
242,Medical,62015.83405125833,2023-12-20,False
243,Auto,64265.312231515905,2023-05-17,False
244,Fraud,8896.563107097276,2022-09-15,True
245,Property,7530.538806414817,2022-02-21,True
246,Auto,51285.0056113064,2023-07-04,False
247,Fraud,10271.550109848413,2023-10-27,False
248,Auto,15438.890168874628,2022-08-04,True
249,Auto,51764.19493207424,2023-03-22,True
250,Property,43592.09980190197,2022-08-11,True
251,Fraud,29681.802976898358,2023-10-17,True
252,Fraud,25714.90801229366,2022-04-15,True
253,Fraud,20510.16770292748,2023-06-06,False
254,Medical,12165.469760414016,2023-01-18,False
255,Auto,43291.84130439048,2022-04-24,True
256,Property,24354.053187260626,2022-03-10,False
257,Fraud,31377.46318695237,2022-12-31,True
258,Property,16324.565575441997,2022-02-13,True
259,Medical,7888.682402697962,2023-11-12,False
260,Medical,14413.27528657614,2022-07-30,False
261,Property,14939.823546330446,2022-10-03,False
262,Fraud,54675.79407044911,2022-04-17,False
263,Property,64255.6245398567,2023-04-24,True
264,Fraud,11225.745803678963,2023-11-10,False
265,Fraud,42246.35046760977,2022-07-24,True
266,Medical,8283.772162316196,2022-04-29,False
267,Property,21402.13179898277,2023-05-01,False
268,Medical,95787.00572064951,2022-04-19,True
269,Auto,25130.423700825933,2023-03-30,True
270,Medical,58579.32582537614,2022-08-27,True
271,Fraud,24768.675459490038,2022-01-08,False
272,Property,38119.60306895148,2023-05-27,True
273,Auto,22270.57267857226,2022-02-12,False
274,Auto,27763.173113905166,2023-01-29,True
275,Auto,107802.79719574447,2022-05-12,True
276,Auto,78780.68781202805,2023-12-19,False
277,Property,26909.1934077428,2023-01-29,False
278,Fraud,44859.27488850131,2023-07-12,True
279,Auto,66948.82219734708,2022-07-17,True
280,Fraud,66644.51433271247,2023-04-09,False
281,Medical,45138.72807015688,2022-05-01,False
282,Fraud,3386.0126375686177,2022-10-27,True
283,Auto,99140.52066076192,2022-08-08,True
284,Medical,64206.143262068494,2022-04-04,False
285,Medical,30313.693671766836,2022-10-19,True
286,Medical,39210.73010076109,2022-06-02,True
287,Auto,63821.36287481938,2023-06-09,False
288,Fraud,81643.00440939759,2023-12-20,True
289,Property,27133.429904868928,2023-02-26,False
290,Fraud,19386.51724033756,2022-06-07,False
291,Auto,28878.789939265178,2022-09-27,True
292,Auto,52623.231077538556,2023-08-03,False
293,Medical,24896.62989498406,2022-09-14,False
294,Fraud,7910.639669973826,2023-12-02,False
295,Auto,40201.90171675413,2023-05-30,True
296,Auto,52908.74356041525,2022-08-25,True
297,Property,43629.312616061434,2023-03-21,True
298,Fraud,44378.65365981798,2023-10-06,False
299,Medical,59343.39023089415,2022-06-20,False
300,Medical,69600.41483123788,2022-09-27,True
301,Medical,52805.66753505835,2023-08-24,True
302,Fraud,44515.023652108175,2023-09-07,False
303,Auto,47519.28928102223,2023-09-29,True
304,Auto,10806.284094313529,2022-03-08,False
305,Property,15873.743688086988,2022-01-08,True
306,Property,147369.704216551,2023-07-10,True
307,Auto,71322.27837661466,2023-03-24,True
308,Auto,30951.594812460437,2022-05-15,True
309,Fraud,48062.52060992296,2022-01-25,False
310,Property,21763.870403362114,2023-04-10,True
311,Medical,50763.70204927061,2023-01-09,False
312,Medical,65531.76785039678,2022-07-15,False
313,Medical,80067.86319480368,2023-12-05,True
314,Medical,42514.672969989064,2023-02-06,False
315,Auto,10552.380633084193,2022-05-02,False
316,Auto,70562.54394782911,2023-07-13,True
317,Fraud,47402.11903037784,2022-07-28,True
318,Medical,17161.73630114002,2022-10-28,True
319,Auto,16193.511030810643,2023-08-24,True
320,Auto,76428.1103518554,2023-05-30,True
321,Auto,21135.927305457066,2023-10-19,True
322,Medical,50661.24467658202,2023-06-18,False
323,Auto,79037.0878488479,2022-02-08,False
324,Property,38849.04174689869,2023-09-11,True
325,Medical,50016.29114132057,2023-09-04,False
326,Medical,24050.889614630523,2022-07-25,False
327,Property,51860.19566321033,2023-08-06,False
328,Fraud,34963.567385808674,2023-11-12,True
329,Fraud,12013.941708475539,2023-11-28,True
330,Medical,5263.094852073435,2023-02-16,True
331,Medical,58385.86352767293,2022-11-29,True
332,Medical,69619.57565726008,2022-07-27,False
333,Property,29295.098586855125,2023-02-09,True
334,Auto,14777.666109135134,2023-01-23,True
335,Property,30231.711980728578,2023-05-02,True
336,Auto,75092.55726452192,2023-01-17,False
337,Auto,33637.814253945784,2022-09-28,False
338,Fraud,41559.47106942451,2023-03-13,False
339,Property,31519.65547335304,2023-03-06,True
340,Property,22064.049897404184,2023-10-09,True
341,Medical,37338.543080180745,2023-10-20,False
342,Property,49389.50339017062,2022-12-11,False
343,Auto,42333.88224322342,2022-05-29,False
344,Auto,108259.71047731036,2023-09-20,True
345,Property,52537.740947329665,2023-01-27,True
346,Fraud,70623.58345167313,2022-07-06,False
347,Fraud,22653.63510493939,2022-01-20,False
348,Medical,30096.5822088584,2022-12-04,False
349,Medical,17434.39955653502,2023-01-08,True
350,Auto,33148.05029370042,2022-03-08,True
351,Property,18749.353118148076,2023-03-15,False
352,Auto,97086.20799225339,2022-03-03,False
353,Auto,25420.107422282243,2023-05-01,True
354,Property,47890.41762985939,2023-09-14,False
355,Auto,3748.868483607903,2023-07-22,True
356,Auto,112882.47242867658,2022-03-26,True
357,Fraud,24779.61355750877,2023-02-10,False
358,Medical,46056.94549891605,2023-01-30,True
359,Fraud,34104.443008018934,2023-09-11,True
360,Medical,20017.11245702902,2023-06-08,True
361,Medical,36860.152321257534,2022-06-25,True
362,Medical,18582.275040806,2022-12-25,True
363,Fraud,80937.42785149123,2023-06-23,True
364,Property,21245.51881449581,2022-10-18,False
365,Auto,15602.065829622448,2022-05-10,True
366,Property,43342.91128017388,2023-04-24,True
367,Property,94810.79229423899,2023-10-10,True
368,Medical,15680.487849556408,2023-06-16,True
369,Medical,23556.111292673497,2022-09-21,True
370,Fraud,27817.741032212234,2023-11-02,False
371,Fraud,100334.79033582221,2023-05-18,True
372,Auto,48330.972872116945,2022-06-09,True
373,Property,4256.087674126695,2023-06-22,False
374,Property,39452.03198629208,2022-03-22,True
375,Auto,44258.5471942553,2023-02-17,False
376,Medical,13982.32535053666,2023-04-20,False
377,Fraud,18705.108796287328,2022-01-18,True
378,Auto,37461.659764307486,2022-03-10,False
379,Property,38256.565017959176,2022-05-10,False
380,Auto,21100.06350528727,2023-10-09,True
381,Auto,16308.378680578186,2023-12-31,True
382,Property,12218.074142795986,2022-11-06,False
383,Property,45701.23790443463,2023-05-02,False
384,Fraud,45928.83221212298,2022-01-15,True
385,Fraud,3537.6874447165696,2023-05-11,True
386,Property,52421.845428171764,2022-07-05,True
387,Fraud,30236.387873562704,2023-02-21,True
388,Fraud,21046.11813958198,2023-12-08,True
389,Fraud,48905.315058020766,2023-12-04,False
390,Property,13886.909332063566,2023-03-08,False
391,Medical,3526.1182936835758,2022-03-07,False
392,Medical,36326.226560972136,2022-03-22,False
393,Fraud,54289.54041701101,2022-02-05,True
394,Medical,63760.140659842,2022-01-17,False
395,Fraud,49023.33665563855,2023-05-29,False
396,Medical,25744.657671753823,2022-02-02,False
397,Medical,7625.687709711057,2022-12-15,True
398,Auto,146606.49534059397,2023-01-15,True
399,Fraud,7116.107313407736,2023-05-23,True
400,Medical,21275.541268325196,2023-10-08,True
401,Medical,67474.21809822514,2022-09-24,False
402,Auto,17956.630780607862,2023-06-01,False
403,Medical,16434.525092412776,2023-04-30,False
404,Auto,5834.981182272994,2022-12-13,False
405,Medical,57592.72297363868,2023-08-26,False
406,Auto,98168.57266006431,2023-10-26,False
407,Auto,13693.60073541864,2023-03-19,False
408,Property,7396.684650949091,2023-01-13,False
409,Fraud,32056.761842215154,2023-09-22,True
410,Property,19597.68605192449,2023-07-27,False
411,Fraud,31001.24418029648,2022-12-24,False
412,Medical,11399.46380805707,2023-06-22,True
413,Fraud,17077.585921753627,2023-09-13,False
414,Property,100502.83507854605,2022-07-29,False
415,Fraud,6887.459284927722,2022-02-11,True
416,Property,25304.212408233067,2022-01-13,True
417,Fraud,22281.44257614451,2023-08-24,False
418,Medical,55197.90830291966,2023-08-23,True
419,Medical,30686.66123324778,2023-05-04,True
420,Fraud,13148.859063251999,2022-07-06,True
421,Fraud,33966.76950492319,2022-03-04,True
422,Medical,19633.144695978564,2022-12-02,False
423,Fraud,79147.59296273254,2023-07-09,True
424,Auto,34273.82246766166,2022-03-16,True
425,Medical,15995.218876490006,2022-05-29,False
426,Medical,9024.906323617484,2023-11-25,True
427,Property,43475.5169894384,2022-07-26,True
428,Property,26333.053813552833,2023-11-24,True
429,Auto,53939.89558190159,2023-11-16,False
430,Fraud,4865.378134614953,2022-08-29,True
431,Auto,27923.511734338965,2023-11-07,True
432,Fraud,9512.352121446198,2023-07-29,True
433,Property,25162.21178919664,2022-08-23,True
434,Fraud,7286.604778053351,2022-05-05,True
435,Property,22673.172632183603,2022-09-14,True
436,Medical,56825.491349382595,2022-04-02,False
437,Medical,68377.04895810754,2023-12-08,True
438,Fraud,23903.441728059235,2022-07-26,False
439,Property,81834.29759443784,2023-02-21,False
440,Auto,15950.533140465426,2022-10-15,False
441,Property,8655.478778029954,2022-08-03,False
442,Property,90667.56124881684,2023-11-29,True
443,Property,57619.501778531834,2023-09-30,True
444,Medical,23447.384320139416,2023-05-27,True
445,Property,22986.96289838248,2023-07-27,True
446,Fraud,58198.98019259577,2023-01-03,True
447,Medical,20982.967401895432,2023-02-05,True
448,Medical,17722.555059181683,2022-07-20,False
449,Medical,43158.47215948166,2023-08-04,True
450,Property,17808.666217114132,2022-10-12,True
451,Auto,102149.55803646072,2022-03-04,False
452,Property,32802.711839065596,2023-10-08,True
453,Property,21991.508274565276,2022-12-27,False
454,Auto,8178.5845462135785,2022-07-06,True
455,Property,36832.41238420169,2023-04-28,True
456,Fraud,30619.62239395416,2023-01-06,False
457,Auto,39048.25421905453,2022-01-21,True
458,Fraud,73004.67379631184,2022-11-04,True
459,Fraud,40598.55920425427,2022-02-15,False
460,Medical,23344.038514625216,2022-07-13,True
461,Medical,1742.679455847273,2022-02-26,True
462,Auto,93422.54762595131,2023-07-08,True
463,Property,56357.21278044626,2023-04-02,True
464,Fraud,47991.545011558344,2022-11-29,False
465,Property,28775.08453224957,2022-01-16,False
466,Fraud,30392.534067553857,2023-10-07,False
467,Medical,15905.706823717088,2023-05-28,False
468,Medical,32815.115385639474,2022-05-30,False
469,Medical,31055.827772833683,2023-09-26,True
470,Auto,42143.32690544437,2022-08-01,True
471,Fraud,40987.58915412869,2023-01-26,False
472,Property,17245.827608907257,2022-10-08,False
473,Fraud,21575.500227418892,2023-10-14,True
474,Property,35758.7509111273,2023-11-02,False
475,Property,72722.26736067043,2023-06-23,False
476,Property,3998.547070247466,2022-12-08,True
477,Fraud,48186.420405923694,2023-11-05,True
478,Medical,42851.60046929051,2023-09-22,False
479,Auto,58101.003486198126,2022-12-03,False
480,Auto,,2022-03-16,True
481,Medical,18168.539224693213,2022-04-03,False
482,Auto,25123.659706663704,2023-06-30,False
483,Property,35734.084721005805,2022-04-25,True
484,Auto,6214.654279378244,2023-02-25,False
485,Fraud,41352.764200583515,2022-04-23,False
486,Medical,37668.717696871674,2023-01-03,False
487,Medical,46263.30467117337,2022-03-01,True
488,Medical,24049.757560247,2022-10-09,True
489,Medical,94141.89106956743,2022-08-25,True
490,Fraud,43077.46624498858,2023-09-30,False
491,Property,51143.18223649274,2022-02-14,False
492,Property,29444.98236873048,2022-07-16,False
493,Property,26018.861130408313,2023-12-25,True
494,Auto,71740.06365896805,2023-05-14,False
495,Property,58148.413336689,2023-08-06,True
496,Auto,20816.87344847781,2023-03-25,False
497,Fraud,13467.695007883447,2023-11-10,False
498,Auto,49812.62427809427,2022-07-14,True
499,Property,34962.89195960769,2023-11-16,False
500,Medical,78083.74978733364,2022-07-14,False
501,Fraud,6733.381598247868,2023-07-29,True
502,Property,2964.7577477209725,2023-08-05,False
503,Property,24999.372368323588,2022-11-06,False
504,Property,70237.40824938366,2023-08-14,False
505,Fraud,37068.189861034196,2023-07-02,False
506,Medical,19542.156640424782,2023-01-24,True
507,Medical,41670.55350939043,2023-12-08,False
508,Medical,51115.6215439481,2023-03-11,True
509,Property,42698.51228443266,2023-12-30,False
510,Auto,96512.70009213864,2023-10-23,False
511,Property,66244.2521336004,2023-05-11,False
512,Medical,73944.45013909636,2022-07-20,True
513,Fraud,9886.700156052777,2023-10-28,False
514,Auto,11802.72948375285,2023-06-18,False
515,Auto,54842.28208350578,2022-10-24,True
516,Property,50580.919633692574,2023-05-09,True
517,Fraud,9577.885290935423,2023-12-28,False
518,Auto,30569.93655976771,2022-11-27,True
519,Medical,33210.66835823408,2023-09-26,True
520,Property,34115.338397913765,2022-09-18,False
521,Property,122783.90058761317,2022-02-24,True
522,Medical,91943.53799675519,2022-10-09,False
523,Medical,13539.659273960433,2023-09-30,True
524,Medical,61892.90437382725,2023-03-18,True
525,Auto,12666.94107115983,2022-09-16,False
526,Fraud,45616.07351822973,2023-07-16,False
527,Auto,48932.916108396494,2022-05-26,False
528,Fraud,14964.241372196442,2023-01-26,True
529,Property,16417.538575923078,2023-01-08,False
530,Fraud,45716.9102789689,2022-02-14,False
531,Medical,67590.45115610682,2023-02-01,False
532,Auto,54601.74395648224,2022-09-19,True
533,Medical,33688.57253292162,2023-04-24,False
534,Property,27860.30430093553,2023-07-19,False
535,Auto,17198.999275879876,2023-04-30,True
536,Auto,31287.490476065228,2023-12-09,False
537,Medical,6046.860537741193,2023-05-31,False
538,Auto,4381.418694942251,2023-07-26,False
539,Medical,22980.081062107325,2023-11-16,False
540,Fraud,32653.238719827223,2023-08-07,True
541,Property,72617.73990057484,2023-05-01,False
542,Medical,49157.62908744685,2023-08-10,False
543,Property,13573.52390620049,2023-04-11,False
544,Auto,57001.96661148386,2023-04-11,False
545,Property,13196.892558354873,2022-01-22,False
546,Property,23369.242053262762,2023-01-31,True
547,Property,17271.303219935973,2022-07-28,False
548,Auto,24851.36393794659,2023-07-17,False
549,Fraud,113489.92287911914,2022-05-25,False
550,Fraud,36826.79534681229,2023-02-24,True
551,Fraud,137674.42806048814,2022-12-15,False
552,Medical,9334.957129147124,2022-11-01,True
553,Medical,10258.799302217874,2022-02-13,False
554,Auto,59854.251607350874,2022-04-17,False
555,Fraud,32588.097168255077,2022-05-30,True
556,Property,14899.497240042367,2023-08-29,False
557,Fraud,33611.24999718889,2022-09-21,False
558,Medical,6304.264198143016,2022-04-20,True
559,Auto,28842.342058633847,2022-01-18,False
560,Fraud,5640.575968355351,2022-12-02,False
561,Medical,32353.974610922756,2022-08-27,False
562,Medical,13989.892176797886,2023-12-25,True
563,Property,15943.134724027403,2022-11-24,True
564,Fraud,83666.97372633967,2022-10-21,False
565,Property,27069.19264543491,2023-02-17,False
566,Fraud,11950.277750001931,2023-04-06,True
567,Auto,76159.99528780223,2022-03-22,False
568,Fraud,13026.527892252032,2022-09-12,False
569,Property,20941.914125641244,2022-12-29,True
570,Property,17168.798804360234,2023-12-22,True
571,Medical,32308.893634794167,2023-04-02,True
572,Fraud,87985.25677859919,2023-03-19,False
573,Fraud,70593.6780265292,2023-06-17,False
574,Auto,10910.099732404915,2022-08-26,True
575,Medical,36258.18592933632,2022-09-18,False
576,Property,25312.288406734202,2022-09-30,False
577,Fraud,20943.85617879502,2022-10-07,False
578,Medical,90212.95308332657,2022-05-30,False
579,Auto,80246.35044095918,2022-06-01,True
580,Medical,31905.411841852067,2023-07-27,False
581,Fraud,26786.054146115104,2023-10-10,True
582,Fraud,45871.836304300996,2022-01-12,False
583,Auto,32634.84507299583,2022-01-14,True
584,Auto,82723.9620318932,2023-05-26,True
585,Auto,38735.94248442244,2023-06-26,False
586,Property,151744.39856590735,2023-03-21,True
587,Medical,32231.498722598917,2022-11-14,False
588,Medical,27852.261161067112,2022-08-26,False
589,Medical,13975.159783987343,2023-06-23,True
590,Property,25959.572168537918,2023-10-16,True
591,Medical,12599.690462460265,2022-03-15,True
592,Auto,12739.467885458793,2023-03-10,True
593,Medical,33802.79205360652,2022-10-25,False
594,Property,55151.694930652935,2023-12-12,False
595,Property,31115.721624413454,2022-10-23,True
596,Medical,54931.93832729912,2022-01-14,True
597,Property,53598.59560347137,2023-09-04,True
598,Property,33463.884931387314,2023-08-26,False
599,Medical,20274.117999910744,2023-01-30,True
600,Property,62685.66591364103,2022-07-10,False
601,Property,32693.466930349965,2023-02-25,False
602,Medical,35599.02035162293,2022-04-16,True
603,Auto,81896.84795805407,2023-01-29,False
604,Auto,7681.129161130389,2023-03-14,False
605,Property,83375.57290984392,2022-01-07,False
606,Fraud,81018.16891348572,2022-03-22,True
607,Fraud,28106.525629672637,2023-10-14,True
608,Medical,32846.473329202454,2023-04-30,False
609,Medical,40534.041764777845,2022-12-23,True
610,Auto,3856.8615371520004,2022-11-07,False
611,Fraud,66294.166208095,2023-05-21,True
612,Medical,16888.184032077257,2023-06-03,False
613,Fraud,24108.477754238684,2023-10-26,True
614,Fraud,102165.05726348209,2023-09-30,True
615,Property,35357.319893356354,2023-03-25,False
616,Property,57675.79762776327,2022-10-12,True
617,Fraud,77646.86050869436,2022-10-09,False
618,Auto,15158.977058670142,2022-03-15,True
619,Medical,12830.927188906659,2022-02-14,True
620,Medical,89860.44832640803,2023-06-13,True
621,Auto,38888.48172620007,2023-11-07,True
622,Property,54160.951676506724,2023-04-02,False
623,Property,57745.47313569733,2023-07-29,False
624,Auto,39301.47639901524,2023-02-11,False
625,Auto,25074.215146179224,2022-04-03,False
626,Property,73599.07331809594,2022-11-18,True
627,Fraud,21188.519284859693,2023-04-11,True
628,Property,58083.60905638891,2023-08-27,False
629,Fraud,90083.50191776731,2023-07-08,False
630,Medical,20561.05154433672,2022-11-23,False
631,Medical,154776.18102132797,2023-08-06,False
632,Fraud,13644.240884793038,2023-12-29,True
633,Fraud,28686.98436361695,2023-07-22,False
634,Property,28115.78304571517,2023-08-14,True
635,Auto,45960.98648380472,2023-02-19,True
636,Fraud,16145.016043851945,2023-05-14,True
637,Medical,48670.36993281232,2023-03-16,True
638,Property,75895.62344610225,2023-09-25,True
639,Medical,29791.3868196344,2023-12-15,True
640,Property,19267.477575725687,2023-03-08,True
641,Auto,7581.617082053988,2022-11-24,False
642,Auto,40332.44090479973,2022-09-14,False
643,Medical,62426.797555482844,2023-10-04,True
644,Fraud,9209.533862790997,2023-07-08,False
645,Fraud,9764.884469367531,2022-03-15,True
646,Medical,59190.25074344054,2022-08-22,False
647,Fraud,43964.180501690804,2023-06-05,False
648,Fraud,16031.561654844649,2023-06-27,False
649,Medical,33936.31757809279,2023-08-31,False
650,Medical,27507.769133648802,2022-09-15,False
651,Auto,38106.84756785318,2022-08-17,False
652,Medical,41096.81358491891,2022-09-02,False
653,Auto,32791.78306080112,2023-03-03,False
654,Auto,26209.388491945072,2023-12-11,True
655,Property,52586.09826717703,2023-04-01,True
656,Fraud,,2023-04-18,True
657,Medical,47863.50742111972,2023-07-17,False
658,Fraud,74834.14471293845,2023-12-30,True
659,Property,56189.49039137091,2022-06-23,True
660,Medical,65942.53084628365,2022-03-16,False
661,Medical,24277.01977386191,2022-04-09,True
662,Property,19788.83518300587,2023-05-28,True
663,Fraud,55895.80172108964,2022-05-04,False
664,Auto,94769.7854155142,2022-04-27,False
665,Property,81225.34846636398,2022-12-09,True
666,Property,27860.433378181995,2023-12-08,False
667,Medical,134212.3277669617,2022-08-21,False
668,Auto,52474.431689729514,2022-05-09,True
669,Property,12315.081567754569,2023-01-09,False
670,Fraud,20941.672458890833,2023-07-29,True
671,Property,17454.646659355243,2022-08-24,False
672,Fraud,20067.84278019544,2022-07-09,False
673,Medical,31385.656816279046,2023-12-02,True
674,Property,5661.332526624885,2022-06-17,False
675,Fraud,16499.799453557716,2023-08-30,False
676,Medical,82428.80399415216,2023-10-31,True
677,Medical,74964.78177705973,2022-10-18,False
678,Medical,75567.96491049723,2022-12-07,False
679,Property,45864.306772743636,2023-01-30,False
680,Medical,49427.98553634734,2023-04-19,False
681,Medical,35678.89571916165,2022-05-19,True
682,Fraud,1198.7562756827094,2022-07-10,False
683,Medical,12308.984260986012,2023-07-22,False
684,Property,12688.448075737857,2023-06-03,False
685,Auto,48877.01657278588,2022-02-20,False
686,Medical,103556.81517013723,2023-07-05,False
687,Property,57846.742431859406,2022-10-25,True
688,Medical,81910.93788908084,2022-03-13,False
689,Property,60418.48419180859,2022-09-13,True
690,Medical,20863.560086955913,2022-11-05,True
691,Fraud,32035.98651754638,2022-04-01,True
692,Auto,31396.343817998226,2022-05-29,True
693,Auto,17032.496100389548,2022-01-30,False
694,Property,48292.90414810016,2023-04-07,True
695,Property,82990.02683375665,2023-09-27,False
696,Auto,40242.736909797546,2023-01-20,False
697,Fraud,58925.528265108034,2023-09-29,True
698,Fraud,17070.726820060543,2023-10-08,True
699,Medical,24323.757795752263,2023-06-02,False
700,Fraud,31260.960837836257,2023-01-08,True
701,Auto,29951.398311657213,2022-07-16,False
702,Auto,47908.97886001659,2022-07-09,True
703,Fraud,17044.18944285188,2022-03-20,False
704,Fraud,14447.96170856461,2023-07-01,False
705,Auto,16521.557316777136,2022-03-13,True
706,Auto,66317.50474704341,2022-02-12,True
707,Auto,48772.64662616235,2022-05-13,True
708,Auto,18404.79904258303,2022-04-16,True
709,Auto,6551.011588383071,2023-11-02,False
710,Fraud,30551.036940190654,2022-12-23,True
711,Fraud,29992.163920691793,2022-01-08,False
712,Medical,26156.779506591145,2022-12-09,False
713,Medical,24731.856086840668,2023-03-13,False
714,Property,84780.24316899969,2022-03-21,False
715,Medical,21176.261983361404,2023-07-10,True
716,Fraud,48357.900120238366,2023-11-20,True
717,Medical,17915.753251218895,2023-01-27,False
718,Medical,45663.390015251454,2023-07-30,False
719,Fraud,17689.10323746588,2022-10-15,True
720,Auto,10275.938623145772,2022-04-23,True
721,Fraud,2969.1088743599403,2023-12-21,False
722,Fraud,27521.251305134836,2022-08-14,False
723,Property,32077.912064677355,2022-11-29,False
724,Property,30103.40233396472,2023-02-21,True
725,Property,35983.830972830685,2022-10-05,True
726,Auto,27543.266291281256,2022-01-03,True
727,Medical,29659.1165431764,2023-06-29,False
728,Property,24358.318804618782,2023-04-23,True
729,Fraud,14083.200000016466,2023-02-14,False
730,Property,26929.06296476984,2022-11-03,True
731,Fraud,65561.5914319064,2022-08-02,False
732,Auto,33420.51385796776,2022-01-30,True
733,Property,78500.38645913574,2023-02-23,False
734,Fraud,48240.96770290324,2023-06-21,False
735,Medical,32954.913280217916,2022-01-28,False
736,Auto,20142.069555696966,2023-09-01,True
737,Fraud,10230.70704798642,2022-03-28,True
738,Medical,28585.01664164111,2022-01-26,False
739,Medical,104420.9935805727,2022-04-30,False
740,Fraud,75872.36483470692,2023-12-14,False
741,Property,9991.786005800235,2023-01-27,False
742,Medical,16660.884638238884,2022-12-23,False
743,Auto,38763.71651825365,2022-12-19,False
744,Medical,105263.65627213242,2022-01-15,False
745,Property,3256.970898464984,2022-11-01,False
746,Auto,40609.738084693825,2022-09-11,False
747,Auto,61582.426170014136,2023-09-15,True
748,Auto,37393.5852745853,2023-06-04,False
749,Fraud,99477.3488539465,2023-10-02,False
750,Medical,20454.556669294867,2022-07-05,False
751,Property,28608.212022870735,2023-01-22,False
752,Fraud,33916.24073153023,2023-05-15,True
753,Fraud,30691.786838063195,2022-01-14,False
754,Auto,125797.46395196902,2022-08-18,False
755,Fraud,38022.7315968375,2022-04-01,False
756,Medical,87975.43917974629,2023-02-08,False
757,Fraud,27523.05758623766,2023-05-20,False
758,Fraud,11294.3940213824,2022-01-04,True
759,Auto,56857.8153291569,2023-10-26,False
760,Auto,11819.596029553279,2022-08-07,False
761,Fraud,23662.31092710514,2023-08-11,False
762,Auto,43972.61624937242,2022-08-04,True
763,Property,38803.04570371747,2022-06-08,True
764,Property,29447.178111607,2023-08-02,True
765,Property,9208.88423040999,2023-12-05,True
766,Fraud,14681.060924931748,2023-01-08,False
767,Medical,50418.30523715077,2022-01-17,False
768,Medical,10226.36851260258,2023-05-10,True
769,Auto,68779.6069627259,2023-09-11,True
770,Medical,85233.74330284844,2023-04-11,False
771,Medical,25208.515010075727,2023-03-20,True
772,Fraud,17594.041595718303,2022-03-22,False
773,Auto,94610.39471788408,2022-06-15,True
774,Medical,46964.82098907582,2022-12-23,True
775,Property,62083.70096854389,2022-08-22,True
776,Auto,79489.71087404373,2022-06-11,True
777,Auto,29473.152297871857,2022-06-24,True
778,Auto,38020.725132475156,2023-11-03,True
779,Property,33441.85880929464,2022-12-29,False
780,Medical,27924.104549715314,2023-01-11,False
781,Property,77400.66377336241,2023-11-28,False
782,Auto,19989.732161042713,2022-06-23,False
783,Auto,27199.728511188965,2022-08-26,True
784,Fraud,54886.83978480849,2022-06-12,False
785,Fraud,44124.13015684135,2022-08-26,True
786,Fraud,97243.54742594194,2023-09-10,True
787,Fraud,66643.22449730971,2023-09-22,True
788,Auto,20477.661570638607,2022-08-20,False
789,Property,27810.860037246635,2023-08-11,True
790,Fraud,88603.93062753818,2023-06-01,True
791,Property,58578.526792852994,2023-12-31,True
792,Fraud,22835.73331478922,2022-08-24,True
793,Medical,19284.379518163252,2022-11-19,False
794,Fraud,11403.420119457469,2023-06-28,True
795,Property,59567.8562200531,2023-02-11,False
796,Fraud,88626.01401177341,2022-06-26,True
797,Medical,69049.35361877044,2023-05-15,False
798,Property,71014.52576128999,2022-04-29,False
799,Property,22344.605740990366,2022-07-09,False
800,Property,9823.654678744584,2023-09-06,False
801,Auto,46435.2347140128,2022-12-31,False
802,Property,14534.959588861071,2023-05-01,False
803,Auto,22924.619121686756,2022-03-20,False
804,Medical,43677.264438274746,2022-11-18,True
805,Property,36626.46073063161,2022-05-19,True
806,Property,80924.87899910132,2022-12-02,False
807,Property,33314.10598936009,2023-02-06,False
808,Medical,57721.50009169002,2022-08-14,False
809,Auto,71573.43636199193,2022-09-23,True
810,Fraud,49817.69489506566,2022-11-29,True
811,Medical,35756.70982832126,2022-08-12,True
812,Medical,25319.033738098737,2023-07-26,False
813,Medical,30699.871417972823,2023-07-14,False
814,Auto,34086.10252855277,2023-08-16,False
815,Auto,51933.26881973998,2023-06-04,True
816,Auto,20224.96930871926,2022-09-06,False
817,Auto,21851.01057881681,2023-11-08,False
818,Auto,88228.88783365978,2023-02-25,False
819,Property,38834.36207288978,2022-07-06,True
820,Fraud,12986.710871776666,2022-09-06,False
821,Fraud,28761.667192781875,2022-05-07,False
822,Auto,23819.600495072682,2022-03-29,True
823,Auto,24523.87325928543,2022-02-14,True
824,Property,32350.77477189038,2022-09-03,True
825,Auto,35366.69264094257,2023-02-15,True
826,Property,27557.071712389126,2022-08-06,False
827,Property,37196.47404463475,2023-03-03,False
828,Medical,71115.25899124224,2022-01-15,False
829,Medical,73566.78329464383,2023-11-20,True
830,Auto,40764.213935742555,2022-12-01,True
831,Property,27248.6609782118,2023-12-28,True
832,Auto,27307.927449176845,2023-06-21,True
833,Medical,139100.2753060773,2023-05-07,False
834,Medical,24041.56010002618,2022-10-19,False
835,Medical,54438.21808490384,2022-04-27,True
836,Medical,24367.77066594387,2023-08-15,False
837,Medical,75539.49068823928,2023-11-18,False
838,Auto,53498.60488971422,2023-04-14,True
839,Auto,8778.340264141907,2023-07-06,False
840,Medical,16658.51056961621,2023-11-14,False
841,Auto,68260.8546123498,2023-09-21,False
842,Medical,44101.572979377226,2023-11-27,True
843,Medical,163149.18377596058,2023-08-16,True
844,Medical,9444.24860103675,2023-01-22,True
845,Auto,18246.448304004745,2023-08-06,True
846,Auto,48802.2572874916,2023-10-14,False
847,Property,3170.653889519717,2022-07-12,True
848,Auto,9230.381466929066,2023-11-14,False
849,Auto,44191.9393166486,2022-04-11,False
850,Fraud,47008.14332046366,2022-03-11,True
851,Medical,36486.25453489855,2022-06-23,True
852,Medical,54095.26926527436,2023-03-20,True
853,Auto,23328.65531103823,2023-12-02,True
854,Auto,29718.712857367365,2023-03-09,False
855,Property,6689.630291284367,2022-08-03,False
856,Fraud,29385.69043773173,2023-06-21,False
857,Medical,50293.55930654642,2023-08-24,True
858,Medical,13323.04935481112,2023-10-05,True
859,Auto,26517.79278229986,2023-12-09,True
860,Auto,11667.519808567557,2022-11-15,True
861,Fraud,48931.73887824156,2022-10-13,False
862,Medical,9750.338047145135,2022-08-13,True
863,Fraud,69520.73607461389,2022-12-15,False
864,Medical,10923.262160320333,2023-01-23,False
865,Auto,21660.443293636323,2022-12-07,False
866,Fraud,12877.148311589752,2023-10-23,True
867,Property,110647.72230515884,2023-05-19,True
868,Auto,20333.029636045037,2022-03-12,False
869,Property,95534.16593401342,2022-05-09,True
870,Property,29848.91634962467,2023-03-20,True
871,Property,131518.4566182419,2022-10-17,True
872,Medical,9645.72438299999,2023-08-22,False
873,Property,26408.40332767064,2023-01-22,False
874,Medical,82797.04071686108,2022-01-18,False
875,Fraud,18450.991454524814,2023-07-09,False
876,Auto,31415.64723847613,2022-03-17,False
877,Medical,15417.193921124235,2023-07-07,True
878,Medical,120590.88582211682,2022-12-31,True
879,Fraud,54577.573130343786,2022-10-07,False
880,Fraud,10861.30671074333,2022-10-07,False
881,Auto,32368.8752498716,2023-03-19,False
882,Fraud,28670.34945189834,2022-11-25,False
883,Medical,18974.07218740581,2023-06-20,True
884,Auto,12340.453566093855,2023-05-23,False
885,Auto,10015.273349349625,2023-03-26,True
886,Auto,51842.31445384517,2023-01-10,False
887,Property,32913.11753361077,2022-10-23,True
888,Property,12411.57649860502,2023-04-21,True
889,Medical,13173.642137121815,2023-01-28,True
890,Property,199805.92238432541,2022-04-19,False
891,Fraud,46566.74063862348,2022-12-25,False
892,Auto,75296.71719746158,2022-10-16,False
893,Medical,35827.87782006587,2023-02-22,False
894,Fraud,53758.33307559462,2022-11-14,True
895,Auto,107476.09561216283,2022-12-07,False
896,Fraud,10828.278161317105,2022-11-13,False
897,Property,108089.66452061605,2022-12-15,False
898,Fraud,16209.273960967337,2022-01-27,False
899,Property,14467.51275346295,2023-09-30,False
900,Fraud,15293.255657100442,2023-02-05,True
901,Medical,34713.81283188173,2022-11-12,True
902,Property,27070.655660127384,2023-11-13,True
903,Property,6809.434767482299,2023-07-13,False
904,Auto,27051.209511819536,2023-01-03,False
905,Property,15425.281611653965,2022-12-09,True
906,Auto,46511.69589382114,2023-11-24,False
907,Property,46163.154968853785,2022-12-31,True
908,Property,20807.03123684106,2022-03-14,True
909,Property,16796.029719988423,2022-05-02,True
910,Property,50247.122416709695,2022-07-05,True
911,Auto,19852.13389959156,2022-11-15,True
912,Medical,35262.24032947094,2023-08-17,False
913,Fraud,56574.9522478258,2023-06-26,False
914,Property,22703.806266991232,2023-09-25,False
915,Property,16600.04410628223,2022-12-19,False
916,Medical,22259.741842967705,2022-12-21,True
917,Auto,53040.63860482663,2022-04-16,True
918,Fraud,31479.879443356203,2023-02-22,True
919,Medical,45639.44180023233,2023-10-04,True
920,Medical,16980.798088233892,2022-07-24,False
921,Medical,85230.97011552405,2023-07-19,True
922,Medical,23842.17916089111,2023-01-17,True
923,Property,60331.6065565053,2022-10-24,True
924,Fraud,31594.932977956796,2022-10-06,False
925,Property,104375.89819646829,2022-07-08,True
926,Medical,13572.65888990126,2023-12-28,True
927,Fraud,37800.22438341403,2023-06-27,True
928,Medical,85620.89172636699,2023-03-26,False
929,Auto,17050.897982815517,2022-09-15,False
930,Medical,70496.00711545061,2023-03-29,True
931,Medical,8086.859638961516,2023-07-26,False
932,Auto,34263.36208990599,2022-03-19,False
933,Property,36128.69679187871,2022-01-23,True
934,Fraud,11644.627419272456,2023-05-18,False
935,Medical,32253.698621352483,2022-07-04,False
936,Medical,65213.76710234781,2023-07-01,True
937,Auto,26653.77727428972,2023-05-28,True
938,Fraud,32996.624471513926,2023-09-09,False
939,Auto,47096.13505009558,2023-11-19,True
940,Medical,57801.269443053236,2022-02-18,False
941,Property,69856.75947284045,2022-06-17,True
942,Property,2654.779197583179,2023-11-01,False
943,Fraud,60881.94367076229,2022-01-21,True
944,Medical,3670.9768154526446,2023-01-27,False
945,Auto,68036.05443696123,2022-04-15,False
946,Medical,26893.419360976255,2022-10-17,False
947,Auto,33206.67181827538,2023-09-25,False
948,Auto,64448.71705399324,2023-12-05,False
949,Fraud,81805.68727996718,2023-03-02,False
950,Auto,112235.27965617439,2022-08-17,False
951,Fraud,13553.468639629624,2022-06-30,False
952,Property,44008.09318334068,2022-12-18,True
953,Fraud,75548.78310141755,2022-08-13,False
954,Fraud,18441.58944876911,2022-08-22,True
955,Fraud,11373.548702430993,2022-09-23,True
956,Property,32051.594532394964,2022-11-10,False
957,Fraud,24439.98724073354,2023-05-14,True
958,Auto,25093.61570786823,2022-08-06,True
959,Auto,68514.50618145661,2022-07-30,True
960,Fraud,34850.787059662995,2022-04-09,True
961,Auto,51905.54932875008,2023-09-13,True
962,Fraud,60392.982313452456,2023-01-23,True
963,Property,48181.4039477276,2022-12-11,False
964,Auto,31056.758908483676,2022-09-10,False
965,Fraud,57035.97964581827,2023-06-08,True
966,Medical,26371.313616897776,2022-04-28,False
967,Property,16514.248975579445,2023-08-23,True
968,Medical,127237.93785072214,2022-07-28,True
969,Fraud,48488.25861266085,2023-02-13,True
970,Auto,53349.1906085942,2023-04-26,False
971,Fraud,31104.512557837283,2023-10-04,False
972,Auto,89019.59449198483,2022-11-25,False
973,Fraud,51360.14454542934,2022-07-02,True
974,Fraud,28766.87672462458,2023-02-21,False
975,Auto,49246.21475238821,2022-03-24,False
976,Auto,35691.33311131512,2022-09-11,True
977,Fraud,55291.183406353804,2022-01-05,False
978,Medical,65262.452604206286,2022-10-30,False
979,Property,31362.129464060978,2023-06-20,False
980,Medical,8995.810391830188,2023-09-25,False
981,Medical,88092.00196269769,2023-08-30,True
982,Medical,2094.3350470483024,2023-03-04,True
983,Medical,23047.812680550574,2022-08-15,True
984,Auto,27236.832960906217,2023-10-16,True
985,Medical,3429.2910678158732,2023-07-17,True
986,Property,28538.999062068426,2023-01-25,True
987,Auto,10369.625286653945,2023-10-19,False
988,Medical,24816.764146660764,2023-07-18,True
989,Auto,21963.6214160645,2022-01-12,True
990,Medical,54169.39311282508,2022-12-03,False
991,Medical,46704.572683327126,2023-08-30,False
992,Property,15195.40772973537,2022-05-09,True
993,Auto,13738.821605070429,2022-01-11,False
994,Auto,59570.104789000805,2023-05-05,False
995,Fraud,16298.47345013077,2022-09-29,True
996,Medical,29897.816509274686,2022-12-23,False
997,Medical,26577.05452002671,2022-04-02,False
998,Property,70482.66876421953,2022-01-09,True
999,Property,85866.79963104718,2022-05-03,True
1000,Auto,15708.098824574825,2022-10-08,False
1001,Property,42176.54984105375,2023-04-03,False
1002,Auto,70591.82507065915,2023-03-27,True
1003,Medical,20558.785715516984,2023-09-23,True
1004,Medical,65746.15250645102,2023-02-11,False
1005,Auto,33359.27466191217,2023-12-03,False
1006,Property,32212.304306147442,2022-02-25,True
1007,Property,61899.631744272105,2023-12-09,True
1008,Auto,178775.07663310188,2023-01-14,True
1009,Medical,14565.931813256982,2023-05-17,False
1010,Auto,61639.292589757366,2022-01-23,True
1011,Property,52667.352534811485,2022-09-02,True
1012,Auto,13838.091705925346,2023-02-22,True
1013,Medical,10054.483011776623,2022-08-19,False
1014,Fraud,14467.517523746763,2022-07-29,False
1015,Auto,29445.404107162063,2022-06-11,False
1016,Fraud,83288.1756901557,2023-01-12,True
1017,Auto,30518.78088775186,2022-06-19,True
1018,Property,11306.452460527136,2022-12-05,True
1019,Property,28540.056829698464,2023-04-19,True
1020,Fraud,74058.15393993986,2022-08-15,False
1021,Auto,49712.87398225876,2022-12-29,False
1022,Property,39704.13575717475,2023-04-24,True
1023,Fraud,11654.069634832278,2023-07-09,True
1024,Fraud,31278.78918803815,2023-04-20,True
1025,Auto,61544.746013521755,2022-07-14,True
1026,Property,20537.17262853448,2022-01-12,True
1027,Fraud,11508.108795395176,2023-05-10,False
1028,Medical,72821.2670501873,2022-03-03,True
1029,Medical,125456.45113380434,2023-06-13,False
1030,Property,28473.662731359596,2022-09-28,False
1031,Property,62903.88081339933,2023-06-22,True
1032,Medical,52687.83475408086,2023-07-11,False
1033,Fraud,44086.89133633225,2023-10-19,False
1034,Auto,33275.036431746674,2022-03-06,True
1035,Fraud,41480.0674904167,2023-04-25,True
1036,Property,65807.08340443025,2023-05-05,True
1037,Property,41026.083244192516,2022-03-09,True
1038,Auto,75519.8771491496,2022-12-28,False
1039,Fraud,30558.97724491405,2023-08-31,True
1040,Auto,49486.55748006201,2023-07-26,False
1041,Fraud,56977.072442489414,2022-01-19,False
1042,Fraud,247.86935921553544,2023-06-29,False
1043,Medical,44544.402983027816,2022-04-01,True
1044,Fraud,47311.0350954628,2022-08-26,False
1045,Property,33858.95477744309,2023-04-07,False
1046,Property,43143.69567966653,2022-01-24,True
1047,Property,37988.41916638523,2022-08-15,False
1048,Medical,48782.799873586366,2023-01-16,False
1049,Auto,55339.03905409777,2022-01-06,True
1050,Property,96370.83218158205,2023-07-24,False
1051,Property,14158.298685508506,2023-09-04,False
1052,Auto,16508.136879410253,2023-09-26,False
1053,Medical,99408.97852882528,2022-12-23,True
1054,Fraud,70031.03713579517,2022-06-06,False
1055,Auto,48743.459782548496,2022-07-20,True
1056,Fraud,7394.483982184615,2022-08-13,True
1057,Fraud,16487.397123499744,2023-04-08,True
1058,Fraud,28130.960161290615,2023-10-25,False
1059,Auto,45331.3666816982,2022-09-14,False
1060,Auto,9698.74020257814,2023-08-16,False
1061,Fraud,60422.11209883026,2023-03-07,False
1062,Medical,48131.12879936034,2023-03-01,True
1063,Medical,34709.898914050784,2023-02-11,False
1064,Medical,16639.468183831912,2023-09-04,False
1065,Property,10631.411268179676,2022-04-15,True
1066,Fraud,29790.896776486243,2022-09-09,False
1067,Property,40631.20142019746,2023-10-07,True
1068,Medical,51853.290455904935,2022-04-09,True
1069,Auto,29574.28077077119,2022-06-27,True
1070,Medical,43240.92522532673,2022-09-22,True
1071,Property,46344.676203013645,2022-05-12,False
1072,Property,16265.273946384921,2022-07-18,True
1073,Medical,54860.06954626022,2023-12-06,True
1074,Fraud,51714.69816114369,2023-12-21,False
1075,Auto,63467.50610695331,2022-02-26,True
1076,Auto,28239.337100051973,2023-02-13,True
1077,Medical,73841.34935749152,2022-09-19,False
1078,Fraud,22088.831011854374,2023-10-16,True
1079,Fraud,70982.39485345746,2023-07-29,False
1080,Medical,17657.302053810963,2022-04-28,False
1081,Auto,72333.34693124375,2023-04-30,True
1082,Auto,31844.79110745726,2022-11-17,False
1083,Auto,19547.54687095801,2022-11-04,True
1084,Fraud,51592.08892602648,2023-05-05,False
1085,Medical,79010.42484479594,2022-11-17,False
1086,Fraud,48845.01896937082,2022-12-22,True
1087,Auto,33748.685087025086,2023-10-10,True
1088,Fraud,25713.15264775975,2023-08-31,False
1089,Auto,21717.588457335714,2023-06-04,True
1090,Medical,19051.031013537322,2023-06-10,True
1091,Auto,7492.435808305932,2022-01-24,True
1092,Property,21804.75299513449,2022-07-11,False
1093,Property,22911.53545143937,2022-12-15,True
1094,Medical,54684.64462437728,2022-01-25,False
1095,Fraud,21408.60003763913,2023-01-25,False
1096,Fraud,61010.71227409999,2023-10-03,False
1097,Fraud,57907.28628405269,2023-08-22,True
1098,Auto,12233.776294913685,2023-07-22,True
1099,Property,110803.88841009997,2022-07-09,True
1100,Medical,10323.647490769363,2022-01-28,True
1101,Fraud,135572.3286608467,2023-06-25,True
1102,Fraud,40708.026110602346,2023-05-06,True
1103,Medical,14283.215614096827,2023-05-03,False
1104,Auto,6337.31670287022,2022-06-21,False
1105,Fraud,52589.49719797241,2022-02-07,True
1106,Auto,13513.083968530942,2022-10-26,False
1107,Auto,108583.73377363416,2022-09-23,False
1108,Auto,35492.97893896515,2022-01-27,False
1109,Fraud,36055.38499046612,2023-10-10,True
1110,Fraud,79682.54360660283,2023-03-28,False
1111,Medical,21437.310058986342,2023-04-14,False
1112,Medical,67310.3023268098,2022-03-26,False
1113,Auto,85776.81648019873,2022-01-13,True
1114,Fraud,17808.239376758138,2023-07-24,False
1115,Auto,47871.23586060612,2022-09-16,True
1116,Medical,45314.398347462826,2022-04-10,True
1117,Auto,75220.08401972122,2023-09-08,True
1118,Property,17944.49483272673,2022-09-18,True
1119,Auto,10870.839639188342,2022-10-05,False
1120,Fraud,28315.144133614675,2022-03-07,False
1121,Auto,85549.542620955,2023-08-24,False
1122,Auto,8433.069821525196,2023-08-23,False
1123,Fraud,44661.410185586734,2023-01-13,False
1124,Property,52628.20508983256,2023-06-01,False
1125,Fraud,38491.34530796682,2023-10-18,False
1126,Medical,76571.51470125969,2022-04-27,False
1127,Property,25644.203561064674,2023-05-14,True
1128,Property,25051.736455247665,2022-07-24,True
1129,Fraud,49400.60839116694,2023-08-10,False
1130,Auto,21217.3966967507,2022-03-21,True
1131,Medical,56004.26813360634,2022-01-18,True
1132,Medical,20251.920656333863,2023-12-30,True
1133,Property,12472.445259429169,2023-09-06,False
1134,Medical,60899.38625847654,2023-10-06,True
1135,Property,19198.134855827677,2022-02-27,True
1136,Property,92449.42845366875,2022-04-22,False
1137,Medical,37961.63859227204,2023-08-20,False
1138,Property,14934.82105543432,2023-09-20,False
1139,Auto,45363.850943925994,2022-11-11,True
1140,Property,14276.175485597632,2022-06-11,True
1141,Auto,6847.390241541685,2022-11-20,False
1142,Auto,33615.193460962044,2023-12-19,False
1143,Auto,20511.783347970417,2022-11-27,False
1144,Medical,31952.019333045857,2023-08-03,False
1145,Auto,19128.09641579505,2023-05-17,False
1146,Medical,27810.008054421574,2022-02-26,True
1147,Fraud,38619.70268951305,2022-06-14,False
1148,Auto,8976.464931505983,2022-06-15,True
1149,Property,11849.621120598174,2022-10-24,False
1150,Fraud,13211.091732236975,2022-01-04,True
1151,Fraud,19354.289851823924,2023-02-14,True
1152,Auto,11506.43873515859,2022-04-16,False
1153,Medical,52944.672994644825,2023-09-12,True
1154,Fraud,21849.95716503469,2023-11-13,True
1155,Auto,13385.739036174566,2023-07-20,False
1156,Fraud,33893.75526110724,2022-06-15,True
1157,Fraud,21144.663508903486,2022-09-11,True
1158,Auto,71051.02620373675,2023-10-28,True
1159,Property,18807.49945454582,2022-05-08,False
1160,Property,94083.21981099695,2023-05-01,False
1161,Property,31406.20096891227,2022-03-17,True
1162,Fraud,29906.010399894953,2022-08-09,True
1163,Medical,13608.725186219288,2023-03-10,False
1164,Medical,38407.167766652834,2023-09-27,False
1165,Fraud,76558.66052511396,2023-06-21,True
1166,Fraud,47902.79585655742,2023-03-15,True
1167,Auto,64452.25646074094,2023-03-11,True
1168,Medical,1853.8026615752071,2023-09-10,False
1169,Fraud,16425.290916400456,2023-09-10,True
1170,Property,52673.494033672134,2023-09-07,True
1171,Medical,39885.166035970855,2023-06-10,True
1172,Fraud,27717.72726918875,2022-05-13,False
1173,Auto,220988.6491769356,2023-03-17,True
1174,Auto,12357.872074904797,2023-06-18,True
1175,Medical,27894.074555682244,2023-08-10,True
1176,Property,25774.246366101233,2023-01-26,False
1177,Medical,36728.99257340463,2022-09-01,True
1178,Fraud,15809.727715833134,2022-05-26,True
1179,Property,8851.920003743893,2023-02-19,False
1180,Fraud,19800.923424992692,2023-03-03,True
1181,Property,32643.62770079464,2022-07-31,False
1182,Property,37694.5103266947,2022-09-06,False
1183,Fraud,38143.59289227274,2022-02-04,False
1184,Medical,51873.66351093694,2022-09-10,False
1185,Auto,39291.36347280398,2022-10-13,False
1186,Property,37546.328773993984,2023-11-24,False
1187,Property,30850.369508738113,2022-07-29,True
1188,Auto,25011.69763873724,2022-04-20,False
1189,Medical,109562.30274644852,2022-11-26,True
1190,Auto,43917.08693207026,2022-05-22,False
1191,Medical,38286.85651723502,2023-11-07,True
1192,Property,26706.18897216674,2022-03-28,True
1193,Property,40458.22101119654,2022-05-20,False
1194,Fraud,44968.88055007328,2022-11-28,True
1195,Medical,17656.943319327158,2023-11-05,True
1196,Auto,31485.876320184067,2022-01-26,False
1197,Medical,36209.55446416758,2023-10-08,True
1198,Medical,67185.69002744103,2023-09-19,True
1199,Medical,16076.754535126187,2023-11-24,False
1200,Medical,5774.983550965961,2022-12-28,True
1201,Auto,51527.66964736513,2023-10-21,True
1202,Fraud,8331.997794791878,2022-12-26,False
1203,Property,21844.58828747394,2022-08-03,True
1204,Auto,29771.68853660646,2022-03-18,True
1205,Auto,9218.193141327763,2022-04-05,False
1206,Property,11899.7051272807,2022-08-06,True
1207,Fraud,6359.754127085258,2023-01-03,False
1208,Auto,13485.085756499582,2022-02-21,False
1209,Property,74580.04341604127,2022-10-01,True
1210,Fraud,95819.98510434227,2023-03-20,True
1211,Fraud,37316.67057341624,2023-11-18,False
1212,Medical,17881.773809424616,2022-02-02,False
1213,Auto,33887.20313921784,2023-02-20,False
1214,Fraud,42552.730292109394,2023-10-06,False
1215,Auto,12769.137250198399,2023-03-01,True
1216,Property,14342.218766823886,2022-01-07,False
1217,Auto,83587.79538479871,2023-05-10,True
1218,Fraud,67653.99026058066,2022-12-20,True
1219,Property,30995.762488532564,2023-11-27,True
1220,Property,13333.871175618433,2022-07-18,True
1221,Medical,12737.99167665426,2023-12-16,True
1222,Property,14561.10509116404,2023-03-11,True
1223,Fraud,32775.93628285955,2022-05-16,True
1224,Medical,35078.69634547091,2022-10-15,True
1225,Fraud,9411.812201407083,2023-10-20,False
1226,Fraud,17778.172211328612,2023-12-20,True
1227,Medical,13663.219728559709,2023-07-21,True
1228,Medical,34756.59370147921,2023-02-12,True
1229,Auto,64193.68148410255,2023-12-18,False
1230,Fraud,10487.150457900394,2023-12-05,True
1231,Auto,1164.0570467497387,2022-12-02,True
1232,Property,9338.71068000007,2022-01-02,True
1233,Property,18110.540600245527,2022-07-04,True
1234,Auto,46481.40648656484,2023-11-05,False
1235,Medical,49781.97732104721,2023-07-15,False
1236,Property,11896.661816864236,2023-08-25,True
1237,Medical,19457.41603910358,2023-03-14,True
1238,Auto,33191.644236650165,2022-01-22,False
1239,Medical,19518.842659027057,2022-07-31,False
1240,Fraud,44151.98123730007,2023-04-22,False
1241,Property,45625.47206241537,2023-04-11,False
1242,Medical,78933.13881391483,2022-08-22,False
1243,Medical,40174.697053542615,2022-06-21,False
1244,Fraud,79661.42553805247,2023-08-26,True
1245,Medical,66078.2461873865,2023-11-06,True
1246,Auto,,2023-06-02,False
1247,Auto,37452.25409566326,2022-09-01,False
1248,Auto,12037.656516291448,2023-02-25,False
1249,Property,,2023-01-14,True
1250,Medical,869.747126511994,2023-04-18,False
1251,Property,28720.116000825717,2022-12-07,True
1252,Property,36070.103669559736,2023-11-02,True
1253,Medical,43034.58057760413,2022-05-03,False
1254,Medical,8814.405619418963,2023-03-10,False
1255,Auto,10809.290057605946,2022-07-07,True
1256,Property,18814.252668328536,2022-01-14,True
1257,Property,52182.4707662648,2022-03-11,True
1258,Medical,67678.12501543101,2023-10-13,False
1259,Property,32708.17771843358,2023-02-15,False
1260,Fraud,77830.69665554509,2023-08-14,False
1261,Medical,50609.989273789004,2022-11-14,True
1262,Auto,41933.657582503176,2023-03-13,False
1263,Fraud,20976.069929568912,2023-08-15,False
1264,Fraud,72944.35048146325,2022-05-26,False
1265,Auto,49125.56882579836,2022-08-15,True
1266,Fraud,69069.02911116026,2023-01-17,False
1267,Fraud,34187.18023342408,2022-06-29,False
1268,Fraud,32457.77652922506,2023-06-20,False
1269,Property,101769.23351458703,2022-04-09,False
1270,Fraud,53124.940827301114,2023-01-26,False
1271,Fraud,11884.600858269476,2022-09-27,True
1272,Medical,14543.932617182978,2022-04-04,True
1273,Auto,23918.216243229024,2023-04-08,True
1274,Property,38185.503154595346,2023-10-21,True
1275,Property,10715.3010548246,2022-10-12,True
1276,Auto,40148.235947172834,2022-01-22,False
1277,Property,39892.92086036244,2022-01-02,True
1278,Property,6202.324472889408,2022-04-13,True
1279,Property,7558.263724438361,2022-02-05,False
1280,Medical,56826.875350421105,2022-10-01,True
1281,Medical,31133.77548982334,2022-02-20,True
1282,Property,15385.01669511386,2022-05-23,True
1283,Auto,38626.42725520455,2023-04-28,True
1284,Auto,55698.17209777348,2022-01-17,False
1285,Medical,42625.66205525568,2023-08-12,False
1286,Medical,40580.07205019463,2022-10-05,True
1287,Fraud,49641.64860615587,2023-09-27,True
1288,Medical,66080.33052159354,2023-03-14,False
1289,Property,67287.36029031465,2023-03-12,True
1290,Medical,24688.864874203628,2023-01-19,False
1291,Fraud,49001.287166594,2023-11-17,False
1292,Fraud,60080.758141160935,2022-05-12,True
1293,Auto,48842.43697607666,2022-09-20,True
1294,Auto,12501.626544069457,2023-01-29,True
1295,Property,54160.59876376648,2022-07-27,True
1296,Medical,11329.502806459142,2022-08-14,True
1297,Fraud,43007.738646080485,2023-12-02,True
1298,Fraud,14960.364479150781,2023-04-10,True
1299,Auto,32155.12152646771,2022-12-24,True
1300,Auto,33828.65800511746,2022-05-24,True
1301,Medical,53090.17939587595,2022-12-20,True
1302,Fraud,20980.245679427266,2022-09-08,False
1303,Auto,46539.597065275455,2023-01-11,True
1304,Medical,73769.34409058893,2022-09-02,True
1305,Medical,63283.371732225605,2022-01-18,False
1306,Medical,67184.11850338208,2023-12-16,False
1307,Auto,2958.78229476074,2023-12-17,True
1308,Auto,11363.540382284915,2023-04-30,False
1309,Auto,9618.57635771821,2022-01-02,True
1310,Property,12394.4672131419,2023-01-11,False
1311,Property,6936.677126686545,2023-07-20,False
1312,Property,6124.938883560484,2022-06-15,False
1313,Auto,20410.69958173525,2022-11-25,True
1314,Auto,50038.168348117666,2023-10-17,False
1315,Property,58781.574238543304,2023-03-24,False
1316,Fraud,12389.766288864954,2022-04-02,False
1317,Fraud,30953.3744563864,2023-06-04,False
1318,Fraud,51237.89386229012,2022-09-09,False
1319,Fraud,64485.667893904174,2023-09-04,False
1320,Property,75980.08035084806,2022-02-08,True
1321,Medical,55780.466082135106,2023-03-12,True
1322,Medical,75631.05465619278,2023-10-10,True
1323,Fraud,10271.06853025158,2022-12-28,False
1324,Auto,15065.53123037743,2023-07-16,False
1325,Fraud,18668.586993383582,2022-03-24,False
1326,Fraud,1235.7207824667894,2023-12-09,True
1327,Medical,39435.1753831901,2022-01-27,False
1328,Auto,,2023-08-12,False
1329,Medical,15287.593266686768,2022-01-21,False
1330,Auto,45390.1034149144,2022-08-06,False
1331,Property,12355.518942773751,2022-02-14,False
1332,Medical,27791.933515268513,2023-02-11,False
1333,Property,39682.17141599155,2023-11-25,True
1334,Property,16432.88857901828,2023-04-24,True
1335,Fraud,63094.655503192385,2023-10-18,True
1336,Auto,54605.52715245445,2023-07-18,False
1337,Medical,75108.7275227411,2023-09-10,True
1338,Fraud,25632.875822211477,2023-12-12,False
1339,Medical,31396.177295921258,2022-12-03,False
1340,Property,55388.64254988246,2022-05-28,True
1341,Medical,127466.9684757894,2023-09-07,False
1342,Medical,20357.76449734077,2023-02-15,True
1343,Fraud,31858.50087756285,2023-05-29,True
1344,Auto,20125.751403665745,2023-07-26,True
1345,Medical,79887.89763583419,2023-01-20,False
1346,Property,41104.88644084185,2023-04-27,False
1347,Property,19375.025886868476,2023-08-26,False
1348,Fraud,16509.532333067713,2022-04-11,True
1349,Property,43122.75013371357,2022-04-24,True
1350,Medical,24096.426369142937,2022-09-19,True
1351,Auto,68465.28787381793,2023-02-26,False
1352,Medical,24618.177674396073,2022-02-23,False
1353,Fraud,36169.60939897211,2022-07-07,False
1354,Property,5617.168016138958,2023-06-23,False
1355,Medical,6380.580656647159,2023-08-15,True
1356,Medical,52437.87575114766,2022-07-09,False
1357,Property,32961.80149355233,2023-08-26,False
1358,Auto,53059.44441975074,2023-07-01,True
1359,Auto,38716.79779585636,2022-02-27,False
1360,Auto,60618.61853728247,2023-05-18,False
1361,Property,75086.03361914073,2022-07-08,True
1362,Medical,50395.87384351979,2023-07-02,False
1363,Fraud,18374.172752233768,2023-08-27,True
1364,Medical,33378.12381349947,2023-07-22,False
1365,Property,15493.500014529493,2023-08-02,True
1366,Property,16341.288746807268,2022-11-09,False
1367,Medical,9958.97058491171,2022-06-18,True
1368,Property,36043.02624490515,2022-05-11,False
1369,Medical,133738.15859052812,2023-11-09,False
1370,Medical,44784.72705739333,2023-07-18,True
1371,Auto,6308.929742447898,2022-06-01,True
1372,Property,16255.783609840848,2022-04-15,True
1373,Property,27820.153151103914,2023-01-02,False
1374,Auto,60786.08439986825,2022-04-02,True
1375,Auto,38291.3359269474,2023-12-14,False
1376,Auto,78779.2584358567,2023-03-08,True
1377,Fraud,18313.089621360534,2023-08-02,False
1378,Property,48059.549339047684,2023-11-12,False
1379,Medical,52640.89858204624,2022-11-01,True
1380,Medical,13887.551055864831,2022-01-28,False
1381,Medical,55335.23527855579,2022-10-15,True
1382,Property,43447.52150519551,2022-12-21,True
1383,Fraud,33784.55920159598,2023-06-28,True
1384,Property,40367.225512188714,2023-11-09,False
1385,Property,142044.72227705427,2023-02-08,False
1386,Property,26056.569344226187,2022-05-16,False
1387,Property,75272.76785654786,2022-03-09,False
1388,Property,57257.68868421293,2022-06-03,True
1389,Fraud,9148.91358114842,2023-04-08,False
1390,Auto,25122.701399455833,2022-11-22,True
1391,Medical,60648.82003202501,2022-04-06,False
1392,Property,4636.744095735365,2022-07-16,False
1393,Property,117989.27418719222,2022-04-18,False
1394,Property,65111.504995331896,2022-02-15,False
1395,Medical,13908.77465526784,2022-07-05,True
1396,Fraud,13498.925061601693,2023-03-30,False
1397,Medical,8519.57674229449,2022-11-19,True
1398,Fraud,38516.422658305564,2022-10-12,True
1399,Auto,37673.74338924731,2022-03-24,False
1400,Property,36814.28293403071,2023-10-12,False
1401,Fraud,34709.46691975406,2022-11-23,True
1402,Medical,69698.91853468092,2023-03-25,False
1403,Fraud,57779.08734698708,2022-11-17,False
1404,Fraud,60486.578640101005,2022-05-25,True
1405,Auto,24850.36567092849,2022-10-05,False
1406,Property,30405.686379132785,2023-09-04,False
1407,Property,91873.68067377704,2022-01-14,False
1408,Medical,25081.41086055955,2022-09-19,True
1409,Medical,24916.744336784777,2023-02-18,True
1410,Auto,9233.797831991664,2023-05-09,True
1411,Fraud,108900.60293842036,2022-02-16,False
1412,Fraud,65113.97727442484,2023-10-18,False
1413,Medical,66417.40983530047,2022-07-15,True
1414,Property,75464.52565330948,2022-10-17,False
1415,Fraud,30156.74916001871,2023-03-08,True
1416,Auto,41395.306934599466,2023-06-04,True
1417,Medical,55798.961940472436,2022-11-20,False
1418,Fraud,57703.99405334989,2023-03-05,True
1419,Property,3264.026653338625,2022-10-20,False
1420,Property,32729.41982101389,2023-01-12,False
1421,Auto,70737.85033517117,2023-06-19,False
1422,Auto,44452.36518304073,2022-03-25,True
1423,Medical,84303.43117162146,2023-01-08,False
1424,Medical,19608.554105150553,2022-01-24,False
1425,Property,25119.655563145992,2022-11-21,False
1426,Property,124636.2104966668,2022-11-12,False
1427,Fraud,36200.1608214366,2023-07-04,True
1428,Fraud,20061.52289394064,2022-08-09,True
1429,Fraud,39973.993510546825,2022-08-02,False
1430,Auto,71518.5534949026,2023-04-17,False
1431,Auto,14501.546688558801,2023-05-06,True
1432,Fraud,4261.905560527202,2022-03-26,False
1433,Property,88838.55023425655,2023-01-20,False
1434,Medical,66631.08361182068,2022-01-04,True
1435,Auto,8673.266296688886,2023-12-08,True
1436,Auto,23951.74957330797,2022-04-24,False
1437,Fraud,46058.071256137715,2022-08-03,True
1438,Medical,57738.10839804789,2022-12-02,True
1439,Auto,47165.849878420646,2023-10-15,False
1440,Medical,34073.78321326237,2022-06-16,False
1441,Auto,3354.192657395176,2022-10-14,True
1442,Medical,39153.530892596296,2023-05-10,False
1443,Medical,2435.6342476441127,2023-01-19,False
1444,Auto,34431.26163754224,2023-06-01,True
1445,Medical,47279.795618308744,2022-05-07,False
1446,Property,89972.4366507329,2023-03-09,True
1447,Auto,58773.40121187969,2022-03-27,True
1448,Auto,32648.184541702238,2023-08-21,False
1449,Property,41882.65655758061,2023-06-20,True
1450,Medical,13266.134439327301,2022-02-14,False
1451,Property,24608.528615985037,2023-09-15,False
1452,Auto,50990.07560860373,2022-10-17,False
1453,Property,13628.44207830001,2023-11-28,False
1454,Medical,29068.371500904315,2022-08-23,True
1455,Property,26871.740889058594,2022-06-06,False
1456,Auto,113841.41086734128,2023-02-10,True
1457,Medical,40206.95064962422,2023-11-04,False
1458,Auto,60596.01247491157,2023-05-20,False
1459,Auto,3565.2075667363088,2023-12-13,True
1460,Fraud,36807.95906030341,2022-05-02,True
1461,Auto,6151.315843473192,2022-08-12,False
1462,Auto,42546.75995275957,2022-01-23,True
1463,Medical,39751.76908934494,2022-07-16,True
1464,Medical,38870.42425315736,2023-04-24,True
1465,Medical,9358.28874235644,2022-10-12,False
1466,Property,42969.843109311216,2023-06-02,False
1467,Property,20866.246726817088,2022-11-04,False
1468,Medical,47909.10807125527,2022-12-11,True
1469,Property,59744.83295149624,2023-08-24,False
1470,Fraud,42571.83195827403,2023-02-02,False
1471,Property,20149.690535653783,2023-04-09,True
1472,Fraud,19943.280082788904,2022-04-25,False
1473,Medical,31297.820555815266,2023-09-28,False
1474,Medical,16710.679348018613,2023-03-26,False
1475,Property,38169.7974349766,2023-02-08,True
1476,Medical,45081.719509909686,2023-11-12,True
1477,Medical,3389.450140557714,2023-07-02,False
1478,Auto,53809.54963118775,2022-08-17,False
1479,Medical,43020.77414238478,2023-10-08,True
1480,Auto,19821.631600996203,2022-09-01,True
1481,Medical,67616.38788246346,2022-03-06,True
1482,Fraud,13775.255385982013,2022-08-25,False
1483,Fraud,26657.066080059434,2022-01-03,False
1484,Medical,34217.23003804804,2023-05-15,True
1485,Fraud,26963.994959184412,2022-02-06,True
1486,Fraud,24293.12747794582,2023-09-13,False
1487,Fraud,23598.127471787462,2022-09-07,True
1488,Property,33846.80340837096,2022-01-03,False
1489,Fraud,51290.59962719173,2022-08-23,True
1490,Auto,72315.09062559287,2023-02-21,False
1491,Property,43942.96270011591,2022-09-08,True
1492,Auto,43608.58342401873,2022-05-23,False
1493,Auto,40055.03404315566,2022-02-25,True
1494,Auto,19538.26682215656,2022-03-02,False
1495,Property,17329.7217104796,2022-03-09,False
1496,Medical,22203.0108364481,2022-03-20,False
1497,Fraud,11119.794934456508,2022-11-23,True
1498,Fraud,41214.12121463475,2023-01-02,False
1499,Medical,35948.69047058012,2023-12-09,False
1500,Medical,56364.27708116757,2023-12-08,False
1501,Auto,16511.571259415396,2023-06-19,True
1502,Property,57582.59632019646,2023-06-10,True
1503,Auto,27574.113908014762,2023-01-25,True
1504,Fraud,24053.915179285596,2022-10-16,False
1505,Medical,58435.12176725783,2023-06-05,True
1506,Fraud,3684.62944164775,2023-10-14,False
1507,Medical,88811.52259239774,2022-09-10,True
1508,Property,130024.33592478257,2022-04-05,True
1509,Auto,74514.16565041644,2023-11-22,True
1510,Fraud,18238.418084500783,2022-01-03,False
1511,Property,50338.478585333105,2023-11-27,False
1512,Fraud,69764.1321904764,2022-02-15,True
1513,Medical,20110.80193311731,2023-10-15,True
1514,Fraud,38700.77775604126,2023-06-09,False
1515,Property,60041.6087902626,2023-11-29,False
1516,Property,58212.18651874534,2023-04-27,False
1517,Auto,44377.45729074293,2023-08-20,False
1518,Fraud,39028.46060567682,2023-02-22,True
1519,Medical,47625.16477756306,2022-02-12,True
1520,Fraud,72257.9107693936,2023-10-30,True
1521,Auto,21488.745785397132,2023-11-27,False
1522,Medical,44582.94503750569,2023-07-13,False
1523,Medical,48478.426776586624,2022-07-25,True
1524,Auto,32285.54173271262,2023-12-23,True
1525,Medical,13696.723752210595,2022-10-02,True
1526,Property,20489.311644255926,2023-08-18,True
1527,Property,20126.50018012187,2022-04-07,True
1528,Medical,36155.77608326116,2022-06-28,False
1529,Fraud,37761.27416591418,2022-05-28,True
1530,Medical,32486.34371187877,2023-01-19,False
1531,Fraud,31216.029672497367,2022-03-13,False
1532,Auto,77892.47213675527,2022-08-05,False
1533,Property,936.3244907257816,2023-12-22,True
1534,Property,75207.4176046711,2023-03-09,False
1535,Auto,37591.98796605919,2023-09-28,True
1536,Auto,155002.52254073106,2023-05-16,True
1537,Property,55186.74124145858,2023-10-30,False
1538,Auto,20143.19737963983,2022-02-02,True
1539,Medical,10120.224789665235,2022-08-04,False
1540,Medical,91422.21923917926,2022-04-11,True
1541,Fraud,81333.65494731312,2023-04-15,True
1542,Fraud,53913.84208112626,2022-06-29,False
1543,Fraud,67122.37503482559,2023-10-01,False
1544,Medical,42597.73203810763,2022-11-29,True
1545,Property,13198.161927509893,2023-05-03,False
1546,Fraud,58007.003771384494,2023-04-05,False
1547,Medical,56753.238969103375,2023-01-12,True
1548,Property,75222.03664156812,2023-11-12,False
1549,Auto,36523.62973357622,2022-05-15,False
1550,Medical,39543.61334079668,2023-08-28,True
1551,Auto,29102.68624651089,2023-02-14,False
1552,Fraud,54504.8428105939,2022-06-04,True
1553,Property,6787.806011429502,2022-10-07,False
1554,Medical,20200.08197763456,2023-04-24,True
1555,Fraud,39222.51726695367,2022-07-18,False
1556,Fraud,54741.94208949444,2023-02-21,True
1557,Property,119675.21537928768,2022-04-08,True
1558,Auto,31343.958177777404,2022-09-07,True
1559,Fraud,56504.504268231285,2022-04-15,False
1560,Property,39574.70183290297,2023-10-03,True
1561,Property,16617.60888268842,2022-11-23,True
1562,Medical,49371.521103189756,2023-04-27,False
1563,Fraud,41531.2608380248,2023-01-12,True
1564,Auto,24303.882816400583,2023-10-14,True
1565,Auto,31512.223233355682,2022-01-15,True
1566,Fraud,32275.272721074867,2023-11-27,True
1567,Auto,30872.352684829915,2023-04-26,False
1568,Property,86835.09353412059,2022-01-16,False
1569,Property,34500.084618623936,2023-07-29,False
1570,Fraud,14485.358438295327,2023-04-30,True
1571,Auto,12277.474756182168,2022-10-06,False
1572,Property,32928.72312212926,2022-11-29,True
1573,Fraud,40940.37044426234,2022-09-14,True
1574,Property,29047.119112792505,2022-07-04,False
1575,Fraud,32035.394423483758,2023-08-11,True
1576,Medical,33264.143586517144,2022-01-27,True
1577,Medical,8085.302525481359,2022-01-25,False
1578,Fraud,18834.99068949501,2022-03-03,False
1579,Medical,18146.359917540773,2023-10-20,True
1580,Medical,28808.719147511725,2022-08-21,True
1581,Auto,20275.86379810109,2023-04-09,True
1582,Medical,10834.381280976091,2022-12-15,True
1583,Auto,48629.32821579636,2022-10-13,False
1584,Medical,31282.189703484855,2023-02-18,False
1585,Medical,16795.44740069749,2023-08-19,True
1586,Property,14892.901477033269,2023-11-18,False
1587,Fraud,17690.925929443758,2023-02-10,True
1588,Medical,6455.87982902155,2023-01-16,False
1589,Fraud,54969.741426649074,2022-06-19,False
1590,Fraud,60674.32398038544,2022-10-17,True
1591,Property,34896.42299737206,2023-05-31,False
1592,Fraud,43673.355635301494,2022-10-14,True
1593,Fraud,16317.561917688237,2022-11-03,False
1594,Medical,58075.75261322382,2023-07-16,False
1595,Property,9443.321056716324,2022-01-08,True
1596,Fraud,19423.182698113615,2022-12-23,False
1597,Medical,40285.244927234366,2023-08-04,False
1598,Property,50463.66964606951,2022-05-19,True
1599,Medical,21588.231439338993,2023-05-26,False
1600,Property,38055.88924554839,2022-09-05,False
1601,Property,18053.525306766503,2023-06-25,True
1602,Auto,28130.763383953756,2022-07-02,True
1603,Auto,33085.214246175405,2023-12-26,False
1604,Auto,22778.267777424986,2023-02-27,False
1605,Fraud,48105.260681446554,2023-02-01,True
1606,Medical,22089.684279710138,2022-11-01,True
1607,Property,38403.67887555818,2022-01-19,False
1608,Medical,25116.729172491298,2023-01-18,False
1609,Fraud,59414.188450388974,2022-08-14,True
1610,Auto,30619.696234006457,2022-08-18,False
1611,Auto,21835.177952874194,2023-08-31,False
1612,Medical,45358.575064062905,2023-05-10,True
1613,Medical,11783.95111401862,2023-04-29,False
1614,Property,23216.206820288848,2023-09-19,False
1615,Medical,45979.803097994496,2022-12-25,True
1616,Property,30015.75142368851,2023-11-23,False
1617,Property,31426.86495828338,2023-01-08,False
1618,Auto,20434.107955404506,2022-03-19,True
1619,Medical,35560.71495511308,2022-11-23,True
1620,Auto,11579.889976608152,2022-10-03,True
1621,Property,18346.518250960118,2022-12-18,False
1622,Auto,15054.81779643609,2022-07-01,False
1623,Auto,59445.10184425193,2023-05-20,False
1624,Property,36693.271548288874,2023-08-30,False
1625,Fraud,41202.023707418964,2023-08-21,True
1626,Fraud,28572.87827991323,2023-01-24,True
1627,Medical,75319.86881394834,2023-08-30,True
1628,Auto,78027.30899291114,2022-12-01,False
1629,Medical,7903.591255088842,2023-03-22,True
1630,Auto,23875.076488276023,2023-05-24,False
1631,Medical,45125.702352886765,2023-10-19,False
1632,Medical,27249.142942199847,2022-09-05,False
1633,Property,9165.97068845003,2023-11-24,True
1634,Fraud,14836.335497173644,2022-10-20,False
1635,Fraud,9319.04570413181,2023-06-15,False
1636,Fraud,5551.92525026097,2022-05-18,True
1637,Property,41568.878335991925,2023-07-10,True
1638,Fraud,15945.892879547637,2022-12-11,False
1639,Property,38078.13122859797,2022-02-06,False
1640,Auto,39941.57421757771,2022-11-10,False
1641,Property,22049.346162453632,2022-08-08,True
1642,Medical,26236.806170814623,2023-10-02,True
1643,Medical,35734.605237076765,2022-05-23,True
1644,Auto,23950.990942157365,2023-02-08,True
1645,Auto,24654.80018418075,2023-11-26,True
1646,Medical,70224.46010118234,2023-02-08,False
1647,Fraud,25280.099019051675,2023-07-09,False
1648,Fraud,19809.575147854797,2023-04-24,False
1649,Fraud,41973.41594549188,2023-12-23,False
1650,Auto,62447.36696917932,2023-07-14,True
1651,Medical,33566.543854020805,2022-08-08,True
1652,Property,13654.80340622238,2023-01-02,False
1653,Auto,4660.554726769838,2022-07-15,False
1654,Medical,171549.0805644712,2023-11-15,True
1655,Fraud,86896.55100326278,2023-11-18,False
1656,Fraud,85527.81059972799,2022-02-01,False
1657,Fraud,51230.150523182194,2022-02-23,True
1658,Medical,25195.46219868824,2023-02-27,False
1659,Fraud,69470.56408598021,2023-11-29,True
1660,Medical,25362.489962061027,2022-08-22,False
1661,Auto,44106.091434765585,2022-04-20,False
1662,Property,40902.76022731923,2022-04-10,False
1663,Fraud,24437.885698246177,2023-12-13,True
1664,Auto,90275.91626250022,2022-07-30,True
1665,Auto,47963.361706884665,2023-02-07,True
1666,Medical,15505.895390213418,2022-05-30,True
1667,Auto,24513.915801101877,2023-11-06,True
1668,Medical,72278.12379280748,2023-01-29,True
1669,Medical,31270.680006447416,2023-10-17,False
1670,Auto,57949.4158918562,2022-09-15,False
1671,Medical,8324.158295799483,2022-09-02,False
1672,Medical,25505.046156258722,2022-05-30,False
1673,Medical,50608.06821095282,2023-09-16,True
1674,Auto,19098.581208734915,2022-04-09,False
1675,Property,75196.8652708519,2022-04-13,True
1676,Medical,34409.99981336412,2023-12-24,False
1677,Fraud,65826.7213184925,2022-01-12,False
1678,Auto,50546.53189602133,2022-08-14,True
1679,Auto,19970.439029103025,2023-03-18,True
1680,Medical,15915.574333608678,2022-05-28,False
1681,Auto,17944.94773177188,2022-06-28,True
1682,Fraud,28650.137090945453,2022-01-07,True
1683,Property,17719.51696064721,2022-06-01,False
1684,Auto,145871.5901404366,2023-08-05,True
1685,Auto,17194.620071365964,2022-12-19,True
1686,Auto,1695.6439329223986,2023-07-19,True
1687,Medical,8014.683426093756,2023-11-05,False
1688,Fraud,6217.395693674499,2023-02-21,True
1689,Property,28714.69002618898,2023-08-28,True
1690,Fraud,15184.493239311001,2023-10-25,True
1691,Fraud,32036.217778296617,2023-07-24,False
1692,Auto,8333.431502676913,2022-07-15,False
1693,Property,46167.54640811414,2022-11-21,False
1694,Fraud,57205.77067780906,2023-04-27,True
1695,Property,7500.022643387884,2022-07-27,False
1696,Medical,34371.13560799578,2022-10-30,True
1697,Auto,8524.836062061424,2022-10-26,False
1698,Medical,147012.98402637278,2023-03-02,False
1699,Property,43296.387233821944,2022-03-03,True
1700,Auto,16201.25778873302,2022-07-14,True
1701,Medical,48798.302829300876,2023-07-21,True
1702,Auto,30510.77049426973,2022-12-29,True
1703,Medical,32920.55194479883,2023-07-15,True
1704,Fraud,30408.924386347564,2023-09-10,True
1705,Auto,10129.850547601207,2022-03-19,True
1706,Property,24354.02849069056,2022-10-11,False
1707,Auto,30124.840379974667,2022-02-26,False
1708,Property,12771.710893004521,2023-11-12,False
1709,Medical,86563.3905881244,2023-01-11,True
1710,Medical,27588.11560802329,2023-01-11,False
1711,Property,52240.121888536436,2023-12-20,True
1712,Medical,19680.974344273327,2023-01-08,False
1713,Auto,48603.18521496731,2023-11-06,False
1714,Medical,38793.566822457266,2022-09-01,True
1715,Property,33861.37890409486,2022-02-08,False
1716,Property,122512.96941021604,2022-11-05,False
1717,Fraud,78903.79255248701,2023-09-25,False
1718,Property,12205.083740523314,2022-03-27,False
1719,Medical,18861.58376394906,2022-04-09,False
1720,Property,13113.683509712006,2023-01-09,True
1721,Medical,61668.010447294044,2023-05-10,True
1722,Medical,25696.618488806544,2022-07-27,False
1723,Fraud,81616.7797179041,2023-09-17,True
1724,Medical,14121.687973424436,2022-03-24,True
1725,Property,57732.253327589766,2023-07-31,False
1726,Property,70331.41782598066,2022-01-01,True
1727,Property,30283.29974882145,2023-03-13,True
1728,Medical,15519.05751055091,2023-11-17,True
1729,Property,6773.526298606376,2022-09-07,False
1730,Auto,35421.207247465936,2023-02-14,False
1731,Auto,35705.1140427947,2023-01-21,False
1732,Property,3458.7854457499034,2022-03-25,False
1733,Medical,38675.10240037979,2023-05-05,False
1734,Property,10531.658668335851,2022-08-27,False
1735,Auto,53583.13446936628,2023-06-24,False
1736,Medical,37278.40808697065,2023-01-15,True
1737,Property,21743.398428896584,2023-01-26,False
1738,Medical,18691.699235527336,2022-11-24,True
1739,Property,5945.962814839782,2023-04-25,False
1740,Fraud,9599.80594124608,2022-10-31,False
1741,Medical,3201.4463673743658,2022-10-09,False
1742,Auto,42677.627346819594,2023-11-26,False
1743,Auto,19472.854799149776,2022-12-11,True
1744,Auto,4576.574148227062,2022-05-15,False
1745,Auto,27290.861370583316,2023-04-13,True
1746,Property,9734.166511734105,2022-12-27,True
1747,Property,80227.48051454118,2023-07-23,True
1748,Medical,15589.955911715473,2022-04-25,False
1749,Fraud,27847.655716154437,2022-07-05,False
1750,Fraud,19421.21566134769,2023-04-23,True
1751,Medical,28136.534443402863,2022-01-01,False
1752,Auto,30770.278450700687,2023-06-25,False
1753,Fraud,101629.00816699334,2023-10-24,False
1754,Fraud,31988.36269515674,2023-02-28,True
1755,Medical,132447.6379922129,2023-12-03,True
1756,Auto,33794.40489722395,2022-09-27,True
1757,Property,18751.455047433337,2023-02-23,True
1758,Property,64223.49169853278,2022-11-23,True
1759,Fraud,60885.91345434712,2022-07-14,False
1760,Property,5073.894168553343,2022-09-12,True
1761,Medical,27673.838367781653,2022-03-20,True
1762,Fraud,39924.06556405796,2022-04-08,True
1763,Fraud,59079.06552402619,2022-05-30,True
1764,Auto,87374.88367889404,2023-03-23,False
1765,Property,88879.1516891249,2022-05-03,False
1766,Auto,21016.329944228466,2023-09-02,True
1767,Fraud,14341.65303984788,2023-11-07,False
1768,Property,15938.002220504453,2023-07-12,True
1769,Auto,111563.3119585487,2022-12-25,True
1770,Property,11848.658868466158,2022-08-27,True
1771,Fraud,45738.084840689364,2023-06-14,False
1772,Fraud,19611.3022184132,2023-11-14,False
1773,Fraud,23473.691543688805,2023-10-31,True
1774,Medical,32243.250821370806,2022-07-23,True
1775,Auto,7700.79016143294,2023-10-20,True
1776,Auto,44126.425011499996,2022-05-23,False
1777,Fraud,39757.50094536025,2022-07-06,True
1778,Auto,25052.168899084365,2023-05-03,True
1779,Fraud,22449.77184220209,2022-05-02,False
1780,Auto,58000.43061745401,2022-12-16,True
1781,Property,63647.031061660266,2022-04-10,False
1782,Auto,22600.95232658625,2022-10-11,True
1783,Fraud,21716.150447018063,2023-06-11,False
1784,Auto,41609.18827125206,2023-01-19,True
1785,Property,60206.2616157585,2023-07-09,True
1786,Property,39245.02310779907,2022-07-06,False
1787,Property,57133.8786871387,2022-01-08,True
1788,Fraud,31120.52107942337,2023-09-16,False
1789,Medical,52973.47297590788,2023-06-29,True
1790,Fraud,96921.87800004544,2023-02-23,False
1791,Property,26500.8920458829,2022-03-31,True
1792,Auto,66866.66801586618,2023-05-11,False
1793,Property,42523.69841234554,2023-10-23,False
1794,Medical,59606.88664273324,2023-12-25,True
1795,Medical,26384.41692138187,2022-04-26,True
1796,Property,29691.90638012089,2023-11-16,False
1797,Fraud,127167.93154313571,2022-01-20,False
1798,Medical,16180.320949102019,2022-05-12,False
1799,Property,44064.05590690296,2022-10-19,True
1800,Fraud,62572.526021104364,2022-12-20,False
1801,Auto,48090.378250118745,2022-08-25,False
1802,Fraud,14665.040257048066,2023-08-12,False
1803,Medical,16231.670984235645,2022-08-11,True
1804,Fraud,52684.214700768265,2023-03-12,True
1805,Fraud,44060.15387518778,2023-09-30,True
1806,Auto,59695.957641748995,2022-02-08,False
1807,Property,86274.88667840931,2022-11-23,False
1808,Fraud,71923.25165481032,2022-07-28,True
1809,Auto,65567.53393332164,2022-04-16,True
1810,Medical,45636.92557564415,2023-10-14,True
1811,Property,10774.874189175856,2022-09-06,True
1812,Medical,11042.32380100801,2023-07-21,False
1813,Property,35500.037402077345,2023-09-22,True
1814,Fraud,61718.278206693125,2023-11-19,True
1815,Fraud,11971.682316710288,2022-12-20,False
1816,Property,7268.493194692363,2023-04-15,False
1817,Medical,56620.95436303677,2023-12-26,True
1818,Medical,27806.82468610177,2022-09-22,True
1819,Medical,17888.538392335828,2023-10-14,True
1820,Fraud,44690.97363310135,2023-04-09,True
1821,Property,13628.785760702995,2023-03-17,False
1822,Property,11928.817661904499,2022-10-11,True
1823,Medical,116691.91163461952,2023-06-18,True
1824,Fraud,37126.193307759946,2023-01-04,True
1825,Property,15660.999432891073,2023-11-30,True
1826,Property,11724.564571364257,2023-12-20,False
1827,Medical,55325.12554277078,2023-10-21,True
1828,Medical,39301.51866679301,2023-05-10,False
1829,Property,53295.687224941605,2022-06-03,True
1830,Fraud,21040.617103174194,2023-09-12,True
1831,Auto,7154.177031582807,2022-11-12,True
1832,Property,96397.7297922953,2022-10-27,False
1833,Property,19055.87256492632,2023-03-16,False
1834,Fraud,3989.2851570604557,2022-05-31,True
1835,Property,4591.693346952494,2023-02-10,False
1836,Auto,72317.31476710402,2022-06-24,False
1837,Fraud,40737.221328723186,2022-02-24,True
1838,Auto,9733.97647768484,2022-11-07,False
1839,Auto,19207.342815129447,2022-06-03,False
1840,Property,95950.66436891518,2023-05-15,False
1841,Auto,13730.721301741663,2023-05-16,False
1842,Property,22747.934984733904,2022-07-09,False
1843,Property,98901.18804088888,2023-05-21,True
1844,Fraud,29287.137273550576,2022-05-29,True
1845,Fraud,50510.45473423875,2022-01-08,True
1846,Fraud,112439.92583626225,2023-10-22,False
1847,Property,23470.951811017843,2023-11-16,True
1848,Auto,58663.55935333513,2023-08-16,False
1849,Auto,26283.055864706675,2023-08-14,True
1850,Fraud,43275.45942587875,2023-04-14,False
1851,Fraud,21751.71322950152,2022-11-17,False
1852,Property,55988.69762173904,2023-07-26,False
1853,Medical,2551.9951648536744,2023-03-27,True
1854,Medical,37265.27325678393,2023-08-30,False
1855,Property,10230.136433675305,2022-05-08,True
1856,Medical,49093.938157923454,2023-09-26,False
1857,Medical,92446.00204047706,2022-10-14,False
1858,Medical,27526.485816607714,2022-03-28,True
1859,Fraud,3793.8196494138933,2022-03-22,True
1860,Auto,31915.542048206018,2023-06-18,False
1861,Auto,18113.22536727289,2022-09-09,False
1862,Fraud,14366.889010424946,2022-07-09,False
1863,Fraud,20546.58163959145,2023-08-21,True
1864,Fraud,54778.10494209052,2023-04-29,False
1865,Medical,70217.87225372334,2023-01-14,False
1866,Property,26621.55848121261,2023-04-01,False
1867,Property,49970.77687569126,2022-01-08,False
1868,Medical,26937.002775825546,2022-11-14,True
1869,Medical,37951.13818947925,2022-11-30,True
1870,Fraud,40424.768571686756,2022-08-18,True
1871,Fraud,15940.530424488663,2023-10-26,True
1872,Auto,105875.5539314771,2023-05-23,False
1873,Fraud,34013.70720180911,2023-06-11,False
1874,Medical,62997.59414620488,2023-04-20,True
1875,Auto,57255.37245173766,2023-02-10,False
1876,Fraud,,2022-10-14,False
1877,Auto,2423.228580957666,2023-03-22,False
1878,Auto,17947.44921676634,2022-12-09,True
1879,Fraud,10916.513259441908,2022-11-21,True
1880,Property,49786.53591833294,2022-06-16,True
1881,Medical,26400.564082858007,2023-08-16,False
1882,Medical,69842.30094949927,2022-10-23,False
1883,Auto,17069.223646863586,2023-08-04,False
1884,Property,23180.02043052145,2022-07-02,True
1885,Property,80068.08131190776,2023-07-30,True
1886,Fraud,35120.68025281422,2022-03-27,True
1887,Fraud,45915.716299943386,2023-07-10,True
1888,Medical,65859.79803891624,2022-05-29,False
1889,Fraud,27547.848367091345,2022-02-28,False
1890,Fraud,57576.419557805304,2023-08-29,True
1891,Auto,32962.81215025151,2022-01-05,True
1892,Property,25299.28456426787,2022-03-24,False
1893,Property,70906.60523055278,2023-01-18,False
1894,Fraud,31852.350115277834,2023-07-03,True
1895,Fraud,14483.898219592373,2023-04-24,True
1896,Fraud,24252.27599573137,2022-01-27,True
1897,Medical,10792.576602590547,2023-06-09,False
1898,Medical,22981.301376703956,2023-07-31,False
1899,Auto,9535.574064445376,2023-02-18,False
1900,Medical,16270.734743013692,2023-12-16,False
1901,Property,44362.00999469593,2022-06-29,False
1902,Medical,19969.892864270976,2023-04-09,True
1903,Property,64197.34011552801,2023-06-11,True
1904,Medical,31243.080967106613,2022-01-01,True
1905,Medical,2744.152493501646,2022-09-28,True
1906,Auto,6045.462579512705,2023-04-29,True
1907,Fraud,62903.361460152744,2022-02-17,False
1908,Fraud,82407.70312155886,2023-11-25,True
1909,Fraud,25117.673939009543,2022-07-02,True
1910,Auto,46515.294643079586,2023-01-08,True
1911,Property,47787.20878255185,2023-12-27,False
1912,Medical,19501.791815226516,2023-06-23,True
1913,Auto,49371.381602209345,2023-05-22,False
1914,Property,73234.02762906662,2023-11-01,True
1915,Auto,55567.882217932274,2023-05-21,True
1916,Auto,27462.70404031421,2023-07-26,False
1917,Property,31903.198107457538,2022-03-07,True
1918,Fraud,55992.15081040964,2023-11-17,True
1919,Medical,27349.646849771187,2022-02-21,False
1920,Fraud,54824.51858896249,2023-04-15,True
1921,Auto,4680.74899236577,2022-08-31,False
1922,Property,37294.82270447263,2022-12-03,False
1923,Auto,17047.67805051854,2022-05-01,False
1924,Fraud,8074.277918571736,2023-07-08,False
1925,Fraud,81060.60737827596,2023-11-27,False
1926,Fraud,79996.0739814125,2022-02-14,True
1927,Medical,46350.15827230386,2022-02-21,True
1928,Fraud,10955.686453474196,2022-05-31,True
1929,Medical,37442.85518870828,2023-02-17,False
1930,Medical,65842.8201470773,2023-06-25,True
1931,Fraud,16560.524772998662,2023-07-23,False
1932,Property,2956.9804548599654,2023-05-13,True
1933,Auto,28722.81606345144,2022-07-28,False
1934,Auto,11512.387711593647,2022-01-08,False
1935,Medical,61119.1373483817,2023-01-26,True
1936,Medical,85654.49153557175,2022-09-04,True
1937,Medical,20041.86581484978,2023-01-30,True
1938,Auto,27045.39902717714,2023-12-08,False
1939,Medical,54312.0212955875,2022-12-05,True
1940,Property,115718.11282959652,2023-02-16,False
1941,Property,27525.65508219312,2023-06-24,True
1942,Medical,140753.5956012943,2022-12-11,False
1943,Auto,32414.84836626158,2022-10-23,False
1944,Fraud,37925.77809936186,2022-08-23,True
1945,Auto,65681.80063278136,2023-10-04,True
1946,Fraud,26684.838791966406,2023-08-11,True
1947,Fraud,12655.649928534871,2023-03-21,False
1948,Medical,67078.3705490096,2022-08-21,False
1949,Property,72835.26881223306,2022-11-06,True
1950,Medical,45487.8390500203,2023-12-02,True
1951,Fraud,5946.726760088223,2023-04-23,True
1952,Medical,10245.080347358857,2023-05-29,False
1953,Fraud,33970.24147171752,2022-12-02,False
1954,Medical,33376.7393621928,2023-07-31,True
1955,Property,45741.6595121593,2022-02-21,True
1956,Property,32875.40529742043,2023-06-30,False
1957,Auto,15443.600771694202,2022-10-28,False
1958,Fraud,29405.43748531716,2023-10-03,True
1959,Fraud,6180.959722520953,2022-08-31,True
1960,Medical,9471.74426352484,2022-12-22,True
1961,Auto,61421.87965473009,2023-09-02,False
1962,Property,29743.160664250507,2023-08-11,True
1963,Medical,19126.86330769459,2023-03-18,False
1964,Auto,4802.637377475975,2023-09-05,True
1965,Property,32131.620895723245,2022-04-29,True
1966,Medical,25806.784924598473,2023-02-13,True
1967,Property,22226.881410598147,2023-10-14,True
1968,Fraud,25396.663653949985,2023-01-06,True
1969,Auto,84805.07538964394,2022-03-14,True
1970,Property,19987.025342580593,2023-03-25,False
1971,Auto,62749.36837441348,2023-04-16,False
1972,Medical,26870.03633728065,2022-06-05,True
1973,Auto,8460.30750845435,2023-07-30,False
1974,Medical,16088.536431185854,2022-11-06,False
1975,Auto,22845.049814850383,2022-02-05,False
1976,Medical,11199.276427721126,2022-09-05,False
1977,Medical,159516.24739872123,2023-03-04,True
1978,Medical,17487.00636851259,2022-02-13,True
1979,Property,76139.79517763582,2023-03-29,True
1980,Fraud,15733.844804733417,2022-04-29,True
1981,Auto,12031.451248944513,2022-12-15,True
1982,Fraud,76651.41158054625,2023-11-24,False
1983,Fraud,7792.3703000019805,2023-01-23,False
1984,Fraud,3236.995847134945,2022-03-11,True
1985,Fraud,25432.014675869694,2023-03-30,True
1986,Auto,10041.764881417836,2022-09-24,True
1987,Auto,54573.70440337614,2023-03-14,True
1988,Fraud,34126.36514621623,2023-01-01,False
1989,Auto,40598.090618593866,2023-12-03,False
1990,Auto,27880.582257118465,2022-07-06,False
1991,Medical,40815.35863397127,2022-08-15,False
1992,Auto,39307.228199673424,2022-03-02,True
1993,Property,16950.798309816946,2022-06-17,True
1994,Fraud,41995.527223005854,2022-05-12,True
1995,Auto,9452.537300323282,2022-06-04,False
1996,Fraud,34576.75637019603,2023-12-23,True
1997,Auto,8444.816327222292,2022-01-07,True
1998,Fraud,17568.22892960451,2023-06-07,True
1999,Property,16338.75786191929,2023-12-13,False
2000,Auto,77337.09876174557,2022-09-08,True
2001,Auto,21960.083065829378,2023-07-30,False
2002,Property,25208.901621813726,2023-11-23,False
2003,Auto,36595.44654468438,2023-10-02,False
2004,Fraud,29703.067531994504,2022-09-19,True
2005,Property,26312.578330975797,2022-04-30,True
2006,Medical,26661.59624300973,2022-02-17,True
2007,Fraud,40805.86575421166,2022-03-10,False
2008,Auto,37617.28889835022,2022-09-19,False
2009,Fraud,5591.876683117912,2023-03-21,True
2010,Property,27751.4786235416,2023-04-24,False
2011,Auto,61065.788047799906,2022-08-19,False
2012,Auto,24733.95625015547,2022-08-12,True
2013,Property,14676.432218714872,2023-04-02,True
2014,Medical,37100.794968415496,2023-12-20,False
2015,Auto,32169.667724295054,2023-01-01,True
2016,Auto,27327.4481254945,2022-01-28,True
2017,Auto,109225.75063722841,2022-04-11,False
2018,Medical,17681.57479358908,2022-02-27,False
2019,Fraud,32959.2556798728,2022-01-24,False
2020,Medical,25845.63143298293,2023-02-19,True
2021,Fraud,10839.359098087156,2022-08-15,True
2022,Auto,28140.925643530096,2022-06-18,False
2023,Fraud,26680.908310477414,2023-05-04,False
2024,Fraud,37603.48922182346,2022-09-03,True
2025,Fraud,51666.29573849386,2023-12-25,False
2026,Fraud,97833.828220307,2022-12-29,True
2027,Auto,37039.82852366649,2023-04-10,False
2028,Property,9816.72631769882,2023-03-06,True
2029,Medical,50635.01818319651,2023-02-25,True
2030,Fraud,71536.8229423948,2022-01-21,True
2031,Auto,5513.692338529506,2023-09-28,True
2032,Auto,68541.55393617961,2023-01-04,False
2033,Auto,15970.872105903094,2023-04-09,False
2034,Auto,24081.98483647622,2022-04-07,True
2035,Fraud,37407.69105608675,2023-10-12,True
2036,Medical,37411.51459546075,2023-05-07,True
2037,Auto,29951.54296574986,2022-12-19,False
2038,Medical,73778.9219507166,2023-08-28,False
2039,Medical,33147.73167716421,2022-04-05,False
2040,Medical,52974.664162683555,2022-01-24,False
2041,Property,42148.36840002928,2023-01-15,True
2042,Auto,12654.691578832586,2023-01-31,False
2043,Auto,9064.561904798298,2023-02-08,True
2044,Auto,99236.22885859046,2023-10-10,False
2045,Medical,27296.068468103203,2022-05-13,False
2046,Auto,60641.493208824046,2022-02-23,False
2047,Auto,126025.30399082777,2022-10-19,False
2048,Medical,20508.194423170018,2022-04-22,False
2049,Auto,64727.24172438813,2023-02-26,True
2050,Fraud,8937.34515581495,2022-05-11,True
2051,Property,15032.632754553519,2023-02-24,True
2052,Fraud,56539.146625689486,2022-10-05,False
2053,Fraud,64246.830051641286,2023-08-13,False
2054,Fraud,8130.647197937583,2022-03-09,True
2055,Medical,15063.595930376041,2023-07-28,False
2056,Auto,,2023-02-07,False
2057,Fraud,17324.694100694116,2022-06-24,True
2058,Fraud,10507.830560366187,2022-10-07,False
2059,Auto,30338.719815918306,2023-04-09,False
2060,Medical,22508.954993033803,2023-01-25,True
2061,Fraud,34066.113207553324,2022-05-16,False
2062,Auto,42026.784897558704,2023-02-13,False
2063,Auto,131699.70176850405,2022-08-12,True
2064,Property,60233.43816338932,2023-08-24,True
2065,Fraud,38069.739542420284,2023-09-11,False
2066,Fraud,22306.290396320688,2023-07-07,True
2067,Property,48906.337762082774,2023-11-29,False
2068,Auto,9442.91809265518,2022-07-07,False
2069,Auto,49347.74599644618,2023-01-22,False
2070,Fraud,48942.96139160746,2022-01-09,False
2071,Fraud,32622.677209537113,2022-06-29,True
2072,Property,52322.11304573978,2023-11-29,True
2073,Fraud,20447.736132957467,2023-03-20,True
2074,Fraud,20793.33002835308,2023-08-17,True
2075,Medical,51836.46177405725,2023-11-20,False
2076,Property,33442.61343981178,2023-08-29,True
2077,Auto,49700.75715531838,2023-03-22,False
2078,Fraud,33782.730776399745,2022-04-26,False
2079,Auto,45365.12567924214,2023-11-03,False
2080,Fraud,92627.66627900775,2022-09-02,False
2081,Medical,85400.73049975996,2022-10-10,False
2082,Property,7108.060789975502,2022-08-01,True
2083,Property,15940.383891070269,2023-10-26,False
2084,Auto,48922.01609924687,2023-11-09,True
2085,Medical,20673.740106452813,2023-03-27,False
2086,Auto,36128.17878974347,2023-10-17,False
2087,Medical,121025.12392018821,2022-01-25,False
2088,Fraud,31998.954348035157,2023-12-13,False
2089,Fraud,60160.82072461324,2022-08-21,False
2090,Medical,31154.300885119846,2023-05-31,True
2091,Fraud,44541.17155469454,2022-10-15,False
2092,Property,64337.58355100004,2023-11-16,True
2093,Medical,69983.48204750466,2022-07-03,True
2094,Medical,42900.9308906875,2022-09-08,True
2095,Auto,38752.66548250462,2022-10-18,True
2096,Medical,34058.228102200315,2022-12-25,True
2097,Auto,8364.462950769306,2023-09-16,False
2098,Medical,18824.149379348124,2022-11-01,False
2099,Property,28033.591543309893,2022-12-16,False
2100,Property,102658.75934517055,2022-12-05,False
2101,Property,27954.367346388564,2023-04-24,True
2102,Auto,44309.85446119147,2023-04-10,False
2103,Auto,38681.40038103118,2022-05-10,False
2104,Fraud,31867.72304718026,2022-07-06,False
2105,Auto,31451.17731117689,2023-02-25,True
2106,Auto,66014.86727968654,2023-05-11,True
2107,Property,36494.86980109551,2023-06-25,True
2108,Medical,48070.15898417214,2023-11-01,True
2109,Auto,9966.631168986662,2022-08-23,True
2110,Fraud,37197.55569728378,2022-10-05,False
2111,Medical,8234.96216433546,2022-04-12,True
2112,Auto,19607.470613791593,2023-04-04,False
2113,Medical,19176.804287657105,2022-08-20,False
2114,Medical,27530.109896945956,2022-10-01,False
2115,Medical,10496.189687840995,2022-12-31,True
2116,Medical,15025.779101743105,2023-04-23,False
2117,Medical,34063.450192416356,2023-04-13,False
2118,Auto,66356.09125216799,2023-09-17,True
2119,Medical,7853.147094346154,2023-10-13,False
2120,Medical,33832.017071473005,2023-12-29,True
2121,Fraud,98851.58902802365,2022-10-01,True
2122,Fraud,140134.4950890161,2022-11-24,True
2123,Medical,260129.70172007979,2022-07-03,False
2124,Auto,72373.09560905634,2022-07-13,False
2125,Fraud,30284.253690404024,2022-09-29,False
2126,Fraud,16241.143348409512,2022-10-27,True
2127,Medical,55541.663243282404,2023-08-07,False
2128,Auto,17648.019127366988,2022-07-15,False
2129,Property,78123.64658166739,2022-11-27,True
2130,Auto,122974.17660279329,2023-05-01,False
2131,Fraud,82689.98606115954,2023-09-12,False
2132,Fraud,32787.70397727328,2023-05-14,True
2133,Fraud,23289.128413089205,2023-02-04,True
2134,Fraud,23478.432669386344,2023-02-01,False
2135,Fraud,76007.834189235,2022-04-10,False
2136,Medical,18151.94560205013,2022-03-22,True
2137,Medical,46686.00509961543,2022-01-17,True
2138,Medical,134993.52886760508,2023-12-06,True
2139,Fraud,36151.00839208,2022-07-31,False
2140,Medical,13995.958058533226,2022-05-06,True
2141,Fraud,37723.84467317076,2023-09-30,False
2142,Auto,11036.161737299615,2022-05-10,True
2143,Property,77292.05313053416,2023-10-19,False
2144,Auto,17913.193775831238,2023-06-19,True
2145,Property,38737.54728169727,2022-08-02,True
2146,Medical,43921.47589401198,2022-05-09,False
2147,Property,63705.98079947969,2023-06-08,True
2148,Auto,90300.16022439316,2023-10-15,True
2149,Auto,97040.81881023978,2023-04-07,False
2150,Property,50068.127438904194,2022-02-26,False
2151,Auto,49210.684348015566,2023-08-21,True
2152,Medical,32133.156096337065,2022-10-01,True
2153,Auto,32560.46694055126,2023-09-07,False
2154,Property,36463.45213914463,2022-12-05,False
2155,Medical,18213.440635191648,2022-05-23,False
2156,Property,26540.20897464277,2023-02-27,False
2157,Fraud,19797.6107764893,2022-11-30,True
2158,Fraud,38511.301165168516,2023-11-19,True
2159,Medical,5863.566512395606,2022-05-13,True
2160,Medical,86065.68667422,2022-09-21,False
2161,Auto,43552.156223732636,2022-05-27,False
2162,Property,41528.36098964224,2023-03-12,True
2163,Fraud,33946.33543752363,2022-01-12,False
2164,Auto,4014.8373055091506,2022-02-24,False
2165,Fraud,14188.559267407913,2022-08-18,True
2166,Auto,35911.47719343767,2022-05-02,True
2167,Auto,26180.953500848078,2022-08-21,False
2168,Fraud,26988.030786735635,2022-06-11,True
2169,Auto,12335.245217841084,2023-08-17,True
2170,Fraud,7728.845841094816,2023-07-13,False
2171,Medical,21496.419355961254,2023-05-15,False
2172,Property,8468.058723150783,2023-11-03,False
2173,Auto,153220.68734939958,2022-06-28,False
2174,Fraud,61033.78294021322,2022-12-28,True
2175,Fraud,18286.85575121318,2022-07-27,False
2176,Property,14671.162225458676,2023-07-06,False
2177,Property,26790.67632773097,2023-12-27,True
2178,Property,72014.13806808823,2023-03-08,True
2179,Auto,48755.47390253809,2023-04-01,True
2180,Fraud,38270.237415230215,2023-05-19,False
2181,Auto,13834.063731961336,2022-06-03,False
2182,Auto,68162.17067742176,2022-12-04,True
2183,Medical,123842.58856352986,2022-10-20,False
2184,Property,62863.44687262132,2023-03-12,True
2185,Medical,49937.73180746732,2023-01-31,False
2186,Medical,36073.32170915833,2022-06-15,True
2187,Auto,94280.05512003573,2023-03-28,True
2188,Auto,8916.143727303139,2023-06-20,True
2189,Fraud,86261.70080396922,2023-02-05,True
2190,Medical,15075.817230032371,2022-04-25,True
2191,Property,46478.42744453511,2022-12-17,True
2192,Medical,78587.68135510634,2022-09-17,False
2193,Fraud,26926.387749121368,2022-08-14,False
2194,Medical,14208.053109414997,2023-09-06,True
2195,Medical,67482.8579433862,2023-05-01,False
2196,Medical,28330.91865722341,2022-05-11,False
2197,Fraud,22985.230082374073,2022-09-21,False
2198,Medical,26214.43660718521,2023-06-08,False
2199,Auto,44109.15923624314,2022-06-30,True
2200,Medical,121067.4951919151,2022-12-15,False
2201,Auto,75713.40869003278,2023-04-16,False
2202,Medical,41961.16404350291,2022-06-10,False
2203,Auto,21998.8733559121,2022-04-24,True
2204,Medical,24108.257358188635,2022-01-18,True
2205,Property,20081.44913822783,2022-04-14,False
2206,Auto,16078.125742926035,2022-07-05,False
2207,Property,49636.11688971783,2022-12-08,False
2208,Auto,17173.588674547897,2023-04-07,False
2209,Medical,50578.85683271601,2023-08-28,False
2210,Fraud,119225.6858197583,2022-05-23,True
2211,Medical,32126.739699637696,2023-10-17,True
2212,Fraud,49129.7615955231,2023-09-04,False
2213,Property,35642.905430969855,2023-03-29,False
2214,Fraud,28051.83131456563,2023-03-27,False
2215,Fraud,37332.34343500635,2022-03-03,True
2216,Fraud,8025.059821246906,2023-08-19,True
2217,Fraud,70817.13923150682,2022-10-03,False
2218,Property,42191.72956826742,2023-11-10,True
2219,Fraud,33779.79954577533,2022-10-22,False
2220,Medical,32761.258524305194,2022-05-09,True
2221,Auto,27789.553185640627,2022-12-30,True
2222,Auto,19318.231898450136,2022-03-08,True
2223,Medical,16888.41006908811,2022-02-16,True
2224,Property,43254.1628652637,2023-01-09,True
2225,Medical,6954.307799849913,2023-10-22,True
2226,Medical,11174.591922226715,2022-05-17,False
2227,Fraud,20045.81642048782,2022-04-05,False
2228,Fraud,58853.82208262654,2022-08-26,False
2229,Property,,2022-02-04,False
2230,Property,5667.024790961644,2022-10-23,False
2231,Auto,61495.973925890525,2023-05-07,False
2232,Property,14134.486842894305,2022-09-15,False
2233,Medical,84386.7137305362,2023-01-22,False
2234,Auto,141357.0559789042,2022-09-27,False
2235,Auto,7299.3513720020765,2022-11-20,True
2236,Fraud,39701.02093831373,2022-02-16,False
2237,Fraud,52945.526771753386,2023-08-29,False
2238,Auto,11523.020986038699,2023-11-25,True
2239,Fraud,11835.459104933374,2023-12-03,False
2240,Fraud,36992.542636920225,2023-05-02,False
2241,Fraud,41307.99426866948,2023-07-17,True
2242,Auto,45247.82721068571,2023-12-19,True
2243,Auto,24762.274123165735,2023-02-15,True
2244,Auto,40941.12748832303,2022-05-05,False
2245,Medical,16229.197702065363,2022-07-31,False
2246,Auto,34060.041109271086,2023-01-04,False
2247,Fraud,18346.778250807765,2022-09-23,False
2248,Auto,8673.30360763107,2022-05-15,False
2249,Medical,22529.32560717838,2022-11-11,False
2250,Fraud,39771.45217759814,2022-10-27,False
2251,Property,91364.80855452518,2022-10-25,False
2252,Auto,,2022-10-06,False
2253,Auto,18189.173256488633,2023-01-09,False
2254,Property,39608.20163065404,2023-12-27,True
2255,Fraud,22892.39119347839,2023-05-03,False
2256,Auto,3391.3024581050327,2022-03-03,True
2257,Medical,37171.12297336905,2022-02-23,False
2258,Fraud,64244.43684425758,2022-12-04,True
2259,Auto,107995.9375603774,2023-01-10,False
2260,Fraud,25318.384412082658,2023-04-19,False
2261,Auto,24344.69451080949,2022-04-22,True
2262,Property,34630.69281820341,2022-09-26,True
2263,Auto,17013.74637460321,2022-11-20,True
2264,Fraud,40420.668897705385,2023-09-11,True
2265,Auto,17555.44923392332,2023-11-11,True
2266,Auto,5277.3375724141915,2023-08-09,True
2267,Fraud,72329.2049969309,2023-08-27,False
2268,Auto,35311.3482610197,2022-03-26,False
2269,Auto,22409.426569051357,2023-01-07,True
2270,Fraud,13051.506417740155,2022-03-16,False
2271,Property,77646.37355432508,2023-08-19,False
2272,Medical,19358.634940509855,2023-05-23,True
2273,Medical,46721.718059980616,2022-08-16,False
2274,Medical,98583.60198950533,2023-08-18,False
2275,Medical,41587.26473004365,2023-01-29,True
2276,Medical,48009.52233581704,2022-01-15,True
2277,Medical,33133.71465706026,2022-06-30,False
2278,Fraud,48294.483055668476,2023-05-23,False
2279,Fraud,22301.306255073778,2022-12-04,True
2280,Fraud,44969.48619980294,2022-09-20,True
2281,Auto,18451.639202837814,2022-03-19,False
2282,Property,106920.18324542002,2022-08-17,False
2283,Property,45991.40816701134,2022-01-30,True
2284,Medical,20413.814046142215,2023-01-09,True
2285,Medical,24311.577044348796,2022-06-04,False
2286,Fraud,34382.241404331246,2022-07-04,True
2287,Property,63012.43148773489,2023-03-24,True
2288,Auto,20765.093561345457,2023-03-23,False
2289,Auto,18311.18911034602,2023-03-08,True
2290,Fraud,47210.043490198485,2022-06-18,True
2291,Medical,44391.76468064538,2022-03-22,True
2292,Property,5726.056027206804,2022-07-29,True
2293,Auto,38895.48642610337,2022-09-16,True
2294,Medical,8619.486156229868,2023-07-03,True
2295,Property,34668.12897524901,2022-10-13,False
2296,Auto,33477.784921903134,2022-02-23,True
2297,Medical,18809.109225929555,2023-04-14,True
2298,Auto,7196.244057145993,2023-01-04,False
2299,Medical,9814.047464067393,2023-12-25,False
2300,Medical,58052.96275224192,2022-04-10,False
2301,Medical,3597.9157038111252,2023-08-20,True
2302,Property,76695.43881619931,2023-12-26,False
2303,Fraud,79473.36934278527,2023-08-21,False
2304,Medical,21673.935809205934,2023-07-29,False
2305,Medical,42653.571513015646,2023-03-23,True
2306,Auto,26096.013286702608,2022-07-11,False
2307,Auto,44423.43353539926,2023-02-18,True
2308,Property,9747.486020880744,2023-04-27,True
2309,Fraud,12612.085430765057,2022-04-03,False
2310,Auto,45630.63352912029,2022-09-10,True
2311,Property,40089.91458613211,2023-10-12,True
2312,Property,44587.71728439018,2023-07-15,True
2313,Property,5243.746743718108,2023-09-25,True
2314,Medical,40444.3604630483,2022-02-08,True
2315,Fraud,14424.254872834725,2023-06-30,False
2316,Fraud,88008.63421766226,2022-12-24,True
2317,Fraud,24007.393746640933,2022-01-09,True
2318,Medical,25501.186799564555,2022-07-07,True
2319,Medical,28534.411280157245,2023-08-31,True
2320,Auto,76743.43636695795,2023-10-07,False
2321,Auto,19484.133160131674,2023-11-06,False
2322,Auto,19585.115923976053,2022-05-19,True
2323,Property,10414.285714407168,2022-10-25,True
2324,Fraud,22260.04564958511,2022-03-21,False
2325,Medical,85867.85224462544,2023-08-26,True
2326,Auto,35221.29024185292,2022-09-13,True
2327,Property,72348.73279893505,2023-10-22,False
2328,Medical,49670.1340878499,2022-06-28,False
2329,Property,36316.38423310815,2022-09-14,True
2330,Property,11027.782859176128,2022-08-06,False
2331,Property,9035.396662820187,2022-09-24,True
2332,Fraud,23492.615687289035,2022-11-13,True
2333,Medical,19016.61818515816,2023-08-14,True
2334,Medical,90802.77435945316,2023-11-10,True
2335,Property,3541.921579241796,2023-09-08,False
2336,Fraud,54435.10709552621,2022-10-11,False
2337,Property,70092.90731270508,2022-12-11,False
2338,Auto,39716.19560851129,2023-12-28,True
2339,Medical,24054.12169391091,2022-03-16,False
2340,Medical,49389.498732730106,2022-12-02,True
2341,Fraud,6296.429077854613,2023-08-05,False
2342,Medical,51632.99948405097,2022-12-29,True
2343,Medical,65787.25563507083,2022-07-09,True
2344,Medical,79902.43151805222,2023-04-17,False
2345,Fraud,53647.00424023783,2022-04-16,True
2346,Property,33836.81601555364,2022-03-11,True
2347,Medical,26211.838367663604,2023-06-06,False
2348,Property,18264.32797763885,2022-08-02,False
2349,Fraud,5158.191219239235,2023-06-01,True
2350,Property,51412.39266500906,2022-01-28,True
2351,Auto,12558.878862731424,2022-11-11,True
2352,Medical,30634.338074694024,2023-05-22,True
2353,Fraud,13267.169505365133,2022-08-24,False
2354,Fraud,22938.788656333425,2022-04-02,False
2355,Property,34712.14362528081,2022-12-29,True
2356,Medical,172335.72682357335,2022-02-07,True
2357,Fraud,104167.81671010969,2023-10-26,True
2358,Auto,51467.81970841301,2023-12-05,True
2359,Property,136672.36933666412,2023-09-25,False
2360,Auto,53692.857685341485,2023-05-06,False
2361,Auto,81282.53115848784,2023-11-14,False
2362,Property,19874.14356492537,2022-04-20,False
2363,Auto,50019.243963995956,2022-05-24,True
2364,Property,48732.007351345776,2023-08-01,True
2365,Property,83346.17313270636,2022-07-16,True
2366,Fraud,28313.360720405333,2022-02-15,False
2367,Fraud,56724.7983442254,2022-05-29,False
2368,Auto,52534.996033297015,2023-07-26,False
2369,Auto,59394.27219443747,2022-05-18,False
2370,Auto,35126.4766130114,2023-05-05,True
2371,Auto,32440.60225613009,2023-02-06,True
2372,Auto,87977.83005151655,2023-08-25,False
2373,Fraud,10976.812268930533,2023-12-25,False
2374,Auto,96686.61621318752,2023-11-12,True
2375,Auto,7482.82325305126,2023-09-17,True
2376,Medical,25061.114672354626,2022-12-07,True
2377,Property,23377.394739390587,2023-08-01,True
2378,Property,41902.7041148199,2022-10-29,True
2379,Fraud,9053.455821691949,2022-04-28,False
2380,Property,119513.58910960461,2022-05-31,True
2381,Auto,17891.11015171208,2022-06-16,True
2382,Property,19846.11184708379,2023-08-30,False
2383,Fraud,15153.04236275484,2023-03-01,True
2384,Property,70322.68223269623,2023-03-13,True
2385,Property,30826.158795630854,2023-09-24,False
2386,Medical,41857.56919518309,2022-03-15,False
2387,Medical,81858.10447652597,2022-12-28,False
2388,Auto,37585.24402741091,2022-04-06,False
2389,Property,25826.218366559242,2022-10-19,False
2390,Auto,51090.435673655906,2022-06-26,False
2391,Property,15089.796141138779,2022-01-27,True
2392,Auto,24505.077281135942,2022-11-01,True
2393,Auto,27378.592505134122,2023-12-24,True
2394,Property,18546.513842393935,2022-07-24,True
2395,Medical,77981.20531948589,2023-08-01,False
2396,Fraud,3680.4987661778805,2023-10-24,False
2397,Auto,79058.20083441843,2023-11-10,False
2398,Fraud,12150.946291136132,2022-08-08,True
2399,Property,135234.96409609172,2022-10-27,False
2400,Auto,99630.55822904318,2022-09-15,True
2401,Property,36870.21128021714,2023-12-16,False
2402,Auto,110494.18052276541,2022-08-28,True
2403,Medical,41198.67696258061,2022-08-17,False
2404,Auto,24860.94705798469,2023-04-19,False
2405,Auto,17169.316186807486,2022-06-05,True
2406,Auto,60473.43079475799,2022-08-06,False
2407,Property,27284.18061028113,2023-04-10,False
2408,Medical,38328.90770703152,2022-07-14,True
2409,Property,76666.14792108709,2022-09-27,True
2410,Fraud,135028.29582246253,2023-06-12,False
2411,Medical,78539.20830973516,2023-07-17,False
2412,Auto,74630.48748508134,2022-12-22,False
2413,Auto,74790.57799946469,2023-06-24,False
2414,Auto,43909.32982126908,2023-04-21,False
2415,Fraud,1066.6241142112012,2023-07-19,False
2416,Fraud,37043.09198825125,2022-11-04,True
2417,Auto,32961.9612698378,2023-09-20,False
2418,Auto,68150.9053858603,2023-02-13,True
2419,Fraud,29414.106847280065,2023-03-17,True
2420,Property,21529.953716935583,2023-06-05,False
2421,Medical,31128.309783172932,2023-06-07,True
2422,Medical,11014.712352190823,2023-04-30,False
2423,Fraud,77486.4767289693,2023-09-11,True
2424,Fraud,66580.2791679011,2022-09-15,False
2425,Property,49975.19811471379,2023-11-25,True
2426,Auto,70102.28216714624,2022-06-19,False
2427,Fraud,22320.54417322068,2023-04-06,True
2428,Property,15579.598819449991,2023-10-13,True
2429,Fraud,59136.99284963726,2022-04-21,True
2430,Auto,96612.1228753363,2023-08-27,True
2431,Fraud,27910.685935348174,2022-08-08,True
2432,Auto,33839.659745900084,2022-01-05,True
2433,Property,22015.83560731319,2023-06-16,False
2434,Medical,26078.36305013499,2023-09-05,False
2435,Property,31378.197948561883,2022-10-22,True
2436,Medical,23900.849392726734,2023-04-03,True
2437,Property,19235.056385877957,2023-10-31,True
2438,Medical,67428.81425893646,2023-05-28,False
2439,Property,37385.68308046523,2022-07-31,True
2440,Auto,41196.18917551369,2022-04-29,True
2441,Medical,44505.70651925315,2023-01-20,True
2442,Medical,21231.04906536967,2022-09-17,False
2443,Auto,28641.02082079953,2023-02-03,True
2444,Auto,55930.37264986971,2022-06-24,False
2445,Medical,45932.51178266779,2023-02-18,True
2446,Medical,68694.63136179687,2022-05-14,True
2447,Medical,28712.727085098173,2022-04-12,False
2448,Fraud,49362.262873948675,2023-01-20,True
2449,Property,100072.0986737642,2023-03-31,True
2450,Auto,67393.55908707528,2022-03-03,True
2451,Auto,7442.101382179561,2023-07-20,False
2452,Property,14204.835352774637,2022-01-07,False
2453,Auto,93241.67456389389,2023-05-30,True
2454,Auto,10897.322185488514,2022-11-28,True
2455,Medical,6831.899674874006,2023-01-14,False
2456,Auto,39324.909077863675,2023-03-21,False
2457,Fraud,114233.74206006087,2022-12-01,True
2458,Fraud,49620.894648715635,2023-04-13,True
2459,Medical,48937.531897805864,2023-10-23,True
2460,Medical,6457.896177724515,2022-10-15,False
2461,Auto,17538.953552427836,2022-01-12,False
2462,Medical,90571.9700109178,2022-04-14,False
2463,Medical,39130.704932892324,2023-09-15,False
2464,Property,30802.173901698505,2022-09-20,True
2465,Medical,47073.79451758198,2023-03-11,False
2466,Fraud,97031.7166770521,2022-06-22,False
2467,Auto,20406.300578493538,2023-08-30,False
2468,Medical,16289.86764667199,2022-11-17,True
2469,Property,46195.89350350543,2023-12-16,True
2470,Auto,22369.94223457315,2022-02-14,True
2471,Auto,43857.66840270508,2023-06-30,True
2472,Auto,27036.285979069635,2022-07-30,False
2473,Property,7862.01856522772,2023-02-21,False
2474,Fraud,19166.213416576684,2022-09-21,True
2475,Property,13369.541111021363,2022-10-28,True
2476,Property,34793.068349072346,2023-04-01,True
2477,Auto,9574.455407779502,2022-08-14,False
2478,Property,38282.261639203985,2022-04-14,False
2479,Auto,31128.690684838468,2022-08-09,False
2480,Medical,19350.5781687049,2022-11-30,False
2481,Medical,29567.94792372626,2023-02-22,True
2482,Property,102676.7276663873,2022-10-28,True
2483,Fraud,21796.693621835373,2023-09-27,False
2484,Auto,45782.133836881854,2023-04-30,False
2485,Property,36543.375219165464,2023-04-02,True
2486,Property,54198.05229465337,2023-03-12,True
2487,Fraud,46084.15147220021,2023-01-29,True
2488,Auto,39985.2628798723,2022-02-12,False
2489,Property,22372.128552677914,2022-07-29,True
2490,Fraud,36635.62956302548,2022-01-11,False
2491,Auto,31880.657942396974,2022-08-04,True
2492,Medical,62511.10160765906,2022-06-13,False
2493,Fraud,17641.74799656501,2022-08-13,True
2494,Property,42557.69978569715,2022-09-03,True
2495,Medical,13795.814821108921,2023-10-20,True
2496,Auto,39865.35209422959,2023-12-04,True
2497,Fraud,64191.839180461895,2022-01-16,True
2498,Medical,77220.43204770536,2022-07-13,True
2499,Medical,22001.89981406111,2022-01-09,False
2500,Property,22763.691921268764,2023-05-29,True
2501,Medical,50417.483982479156,2022-10-20,False
2502,Property,3947.7594416211537,2022-03-25,True
2503,Auto,22711.88502478629,2022-07-28,True
2504,Property,45749.8247225116,2022-02-27,True
2505,Fraud,93876.78573369344,2023-05-27,True
2506,Medical,20441.818484914555,2023-09-10,False
2507,Auto,13119.54315238377,2023-10-10,True
2508,Property,49793.25586462619,2022-11-27,True
2509,Property,57006.24862347955,2023-04-06,True
2510,Property,52274.33893686901,2023-08-12,False
2511,Auto,24445.04085870099,2022-11-21,False
2512,Auto,100194.46145295362,2022-07-29,True
2513,Fraud,41574.77614779377,2022-05-05,True
2514,Auto,36266.617845958324,2023-11-23,True
2515,Property,44860.070346340566,2023-04-07,True
2516,Auto,22443.11016887678,2022-10-17,False
2517,Property,38453.72073871457,2022-08-02,False
2518,Fraud,53812.777032369166,2023-03-08,False
2519,Fraud,28404.104724671393,2022-04-07,False
2520,Property,14878.648879872206,2022-09-06,False
2521,Auto,101141.99721422064,2023-05-18,False
2522,Auto,24905.62887218927,2023-06-09,True
2523,Medical,9709.298993177807,2023-05-20,True
2524,Fraud,17932.414132719998,2022-04-01,True
2525,Fraud,43881.31899106846,2023-12-06,False
2526,Property,58164.666609761,2023-12-12,True
2527,Medical,44524.36356758359,2023-07-30,False
2528,Auto,106239.35972768653,2022-06-16,True
2529,Property,43572.177590772946,2022-09-08,False
2530,Auto,108264.66220992438,2023-03-23,True
2531,Auto,51747.90433286494,2022-07-05,True
2532,Auto,15024.826122190232,2022-09-06,False
2533,Medical,32855.135917312866,2022-12-06,True
2534,Fraud,15921.034250727003,2023-03-22,False
2535,Fraud,59257.75607930783,2022-05-18,True
2536,Auto,34400.80243006324,2022-04-19,True
2537,Medical,87021.21251944883,2023-02-21,True
2538,Auto,61703.52470156137,2023-03-02,True
2539,Auto,8378.199558930526,2022-02-13,True
2540,Property,22031.269158647327,2022-12-08,False
2541,Medical,45675.618690443946,2022-07-20,False
2542,Medical,15873.924309569418,2023-01-13,False
2543,Fraud,77550.44031869496,2022-04-14,True
2544,Fraud,51666.532858902894,2023-04-03,False
2545,Auto,23000.169488728465,2023-02-19,False
2546,Property,20820.338107105697,2023-09-24,True
2547,Property,27129.655460955582,2023-02-06,True
2548,Property,4659.486772782972,2023-01-25,True
2549,Auto,43803.21747367856,2022-12-28,False
2550,Fraud,32364.897929503917,2023-03-10,False
2551,Medical,36983.33343718115,2023-01-18,True
2552,Auto,13886.815113176974,2022-01-28,False
2553,Property,27110.440913392064,2022-04-17,False
2554,Property,44554.67373912155,2023-06-24,False
2555,Auto,79865.26171094796,2022-07-05,False
2556,Property,22149.69750192599,2022-07-14,True
2557,Medical,36805.25143321093,2022-05-26,True
2558,Auto,18979.83806213803,2023-11-20,True
2559,Medical,49416.68253426432,2022-05-08,False
2560,Fraud,9558.520376211243,2022-04-16,True
2561,Property,47590.05784654888,2023-02-20,True
2562,Property,22431.421985878846,2022-12-18,False
2563,Fraud,36737.18676846109,2023-01-18,True
2564,Fraud,19824.368418383747,2023-12-24,False
2565,Fraud,19653.51112539464,2022-12-15,True
2566,Property,15048.16436357656,2023-04-26,False
2567,Fraud,11980.235345177012,2022-11-10,True
2568,Auto,33473.47526691818,2023-06-07,True
2569,Fraud,16956.864003003517,2022-12-26,True
2570,Auto,69995.8146065533,2022-11-17,False
2571,Auto,24432.43613370312,2023-01-19,False
2572,Medical,62502.90593351511,2022-01-17,True
2573,Auto,23158.446300445277,2023-01-05,False
2574,Auto,24202.96040388896,2022-03-07,False
2575,Fraud,33484.4850458272,2022-04-23,False
2576,Property,113214.30740229676,2023-10-06,True
2577,Fraud,28056.141559964253,2023-02-20,True
2578,Medical,18378.567289379414,2022-03-12,True
2579,Medical,19855.573816046384,2022-03-02,False
2580,Property,31829.556940967937,2023-03-20,True
2581,Auto,55415.84408996358,2022-11-10,True
2582,Medical,19615.419179553825,2023-04-28,True
2583,Property,72018.60155206383,2022-09-01,True
2584,Fraud,5299.318364453852,2023-06-01,True
2585,Fraud,19547.391463576274,2023-01-05,True
2586,Fraud,18892.978607395435,2022-11-13,False
2587,Auto,34091.11389915115,2022-01-21,True
2588,Auto,21050.64289793039,2023-11-29,True
2589,Property,32806.41784105038,2023-12-22,True
2590,Medical,11532.233430100978,2022-08-19,False
2591,Fraud,7868.056256952901,2023-06-10,True
2592,Auto,31794.1381814921,2023-08-14,False
2593,Auto,8919.532414449031,2023-04-14,False
2594,Medical,75183.54776040501,2023-11-25,False
2595,Fraud,4110.62352463862,2022-03-19,True
2596,Fraud,4438.09060416199,2023-07-17,False
2597,Medical,28208.65501867222,2023-06-14,True
2598,Property,202937.3096202747,2022-10-17,True
2599,Property,22147.848697457342,2022-08-06,False
2600,Medical,67084.53000749927,2022-04-10,False
2601,Medical,27300.249254559265,2022-05-29,True
2602,Property,15249.570861140148,2023-01-20,True
2603,Medical,44185.1341806759,2022-06-04,False
2604,Fraud,19126.468143281047,2023-01-30,True
2605,Property,23309.768334933542,2023-01-11,True
2606,Property,48386.69030090605,2022-04-12,False
2607,Property,20194.682569167144,2023-09-19,True
2608,Fraud,3966.8441981834508,2022-04-02,True
2609,Medical,13820.892865342783,2023-02-15,True
2610,Auto,60746.26673841507,2023-02-10,True
2611,Auto,39324.0904677459,2022-01-21,False
2612,Fraud,14392.082827210781,2023-09-24,True
2613,Fraud,84964.92510009503,2023-02-12,False
2614,Medical,20014.014851159758,2022-01-19,False
2615,Auto,59851.831888868444,2023-06-20,True
2616,Property,146565.47534913474,2023-06-22,True
2617,Fraud,45333.575711654026,2022-06-02,True
2618,Auto,78356.05660256906,2022-10-28,True
2619,Property,160790.54748360225,2023-02-17,False
2620,Property,40357.58465239736,2022-07-21,True
2621,Medical,93713.35520064428,2022-05-19,False
2622,Fraud,29249.224892792554,2022-01-24,True
2623,Property,10069.014629468651,2022-01-12,True
2624,Fraud,14007.655812808121,2022-05-15,False
2625,Auto,39812.163225225515,2022-03-22,False
2626,Auto,10032.679937047871,2022-12-21,False
2627,Fraud,43375.90002651464,2022-03-11,False
2628,Property,20320.65652902833,2022-07-23,False
2629,Property,8197.14823921179,2023-08-14,True
2630,Auto,51130.503865605446,2022-10-06,False
2631,Property,7787.038361297846,2023-12-12,False
2632,Property,125918.04616878556,2023-01-14,True
2633,Auto,97825.73391709726,2022-10-21,True
2634,Medical,11116.882732973885,2023-02-19,False
2635,Auto,21345.67175507111,2023-03-04,True
2636,Fraud,16539.366853085416,2022-06-05,True
2637,Medical,125937.00047310951,2023-08-11,True
2638,Fraud,37856.55935179204,2022-10-04,True
2639,Medical,20139.176670138222,2022-09-22,True
2640,Medical,64851.893589303705,2022-02-18,True
2641,Auto,16144.984783687141,2023-09-02,False
2642,Auto,28990.077228234895,2022-10-20,False
2643,Fraud,80004.70457805583,2022-01-21,True
2644,Auto,36940.34940640951,2023-03-20,False
2645,Medical,45376.226812126486,2023-06-19,False
2646,Auto,9164.126821647347,2023-04-17,True
2647,Fraud,5310.188583694982,2022-05-18,True
2648,Medical,21587.339419552616,2022-08-18,True
2649,Fraud,19733.084412924378,2023-02-09,True
2650,Property,14247.99119348097,2022-12-23,False
2651,Auto,61673.28075404082,2023-06-25,True
2652,Medical,45750.14216723355,2022-01-21,False
2653,Fraud,57948.499064324234,2023-09-03,True
2654,Auto,46739.74710138419,2023-07-29,False
2655,Auto,59392.08739223642,2023-10-07,True
2656,Fraud,68376.91800806414,2023-06-11,True
2657,Medical,24581.907625605527,2022-04-15,True
2658,Fraud,31983.879897965176,2023-09-15,True
2659,Auto,49217.14297275906,2022-12-02,False
2660,Fraud,22969.532975311737,2023-02-28,True
2661,Property,42110.795545700435,2023-09-15,False
2662,Auto,5849.037792406149,2022-01-04,False
2663,Medical,,2023-04-14,True
2664,Property,75651.82022488271,2023-10-26,True
2665,Fraud,75015.95167183715,2023-07-08,False
2666,Medical,56081.84588018177,2023-06-22,True
2667,Property,56846.42102381747,2022-07-13,False
2668,Fraud,23054.195154434405,2022-12-26,True
2669,Property,9529.599612202865,2023-06-04,True
2670,Auto,48434.78784595897,2022-03-14,True
2671,Medical,30678.24140233277,2022-03-19,False
2672,Property,7455.520953104932,2023-10-22,True
2673,Auto,22333.5156444206,2022-03-09,False
2674,Fraud,22262.251096701795,2023-11-26,True
2675,Auto,27573.83199476014,2022-11-30,False
2676,Fraud,44641.13416674351,2022-03-26,True
2677,Medical,17326.61576985057,2023-05-11,False
2678,Auto,28398.073099189933,2022-03-20,True
2679,Auto,26037.58493642977,2023-07-05,False
2680,Fraud,42868.67666631541,2022-11-02,False
2681,Property,14094.364254302647,2022-01-20,False
2682,Fraud,37604.06642792197,2023-08-05,False
2683,Property,37078.16204517873,2022-06-05,False
2684,Fraud,27401.69210376167,2022-04-27,False
2685,Medical,46839.442267877115,2023-03-26,True
2686,Property,26639.48024508137,2022-01-28,True
2687,Auto,5397.88092086047,2023-09-02,True
2688,Property,49318.80260840327,2022-11-25,False
2689,Fraud,50858.376177717786,2023-10-25,True
2690,Fraud,38576.71140222707,2022-12-30,False
2691,Property,29079.12061631493,2023-02-23,False
2692,Auto,28835.455255403638,2022-01-22,True
2693,Medical,12676.285868076766,2022-09-18,True
2694,Auto,16247.93520168886,2022-03-01,True
2695,Property,39446.14801875741,2023-02-17,False
2696,Fraud,43796.83305697219,2022-06-12,True
2697,Auto,24017.634402071595,2022-04-24,False
2698,Fraud,37433.114789073996,2022-12-20,False
2699,Fraud,53936.065953671656,2022-07-15,False
2700,Auto,21878.357912214313,2022-02-14,True
2701,Property,11626.056564996798,2023-09-17,True
2702,Auto,19947.481752616557,2022-06-28,True
2703,Medical,31702.086965587234,2023-05-08,True
2704,Fraud,37356.534310181385,2022-11-21,False
2705,Fraud,28184.280158974652,2023-01-05,False
2706,Property,37985.507167755,2023-07-22,False
2707,Fraud,185627.6421142642,2022-12-13,False
2708,Fraud,9766.425115986083,2022-04-25,True
2709,Fraud,34560.356459111084,2022-12-23,True
2710,Auto,52445.012442838604,2022-06-16,False
2711,Fraud,19927.89987591931,2022-12-20,True
2712,Auto,68177.48039401934,2022-04-25,False
2713,Property,99313.98290762556,2023-02-12,False
2714,Medical,39019.7189751953,2023-08-15,True
2715,Fraud,39346.306217348814,2022-11-19,False
2716,Medical,30371.672629545363,2023-06-25,True
2717,Auto,46741.93607054825,2022-02-11,True
2718,Property,84293.61145700303,2023-04-05,False
2719,Property,32717.991593622944,2022-04-29,True
2720,Auto,8939.716384047102,2023-07-28,True
2721,Medical,19164.867657547078,2023-10-29,False
2722,Fraud,40061.822608030525,2023-03-26,True
2723,Auto,38358.76685353251,2023-03-17,True
2724,Auto,35158.833728857804,2022-07-08,True
2725,Auto,8289.971906564539,2022-10-12,True
2726,Auto,23132.467002032332,2022-04-14,True
2727,Auto,24641.314552004078,2023-07-23,True
2728,Property,9216.753124752602,2023-04-02,False
2729,Auto,28425.49048816883,2022-11-07,True
2730,Property,21477.642734802408,2023-11-15,False
2731,Medical,12872.957947816914,2023-01-19,False
2732,Fraud,39706.881081658204,2023-10-30,False
2733,Property,29308.41896385169,2022-06-14,False
2734,Fraud,8347.501656526243,2023-02-11,False
2735,Fraud,13424.85538198747,2023-08-04,False
2736,Fraud,94184.45021896946,2023-04-21,True
2737,Property,17893.712486611472,2022-02-27,True
2738,Property,8862.904367933557,2023-12-20,False
2739,Property,67184.35003983903,2023-02-20,False
2740,Medical,39879.11805648174,2023-08-20,False
2741,Property,118245.88311807858,2023-09-05,True
2742,Medical,53263.111807287896,2022-09-08,True
2743,Property,15539.716871124265,2022-08-08,False
2744,Property,21547.963647785145,2022-06-09,False
2745,Fraud,57160.019087876106,2022-07-06,False
2746,Auto,15237.058473571224,2023-08-22,False
2747,Fraud,39553.90862095047,2023-04-09,False
2748,Property,34919.416345884245,2023-05-13,False
2749,Auto,78702.74288236542,2022-11-26,True
2750,Auto,7617.555239941706,2022-12-15,True
2751,Medical,14237.465665399655,2023-05-15,True
2752,Auto,124631.67359787061,2023-10-29,False
2753,Medical,64606.14816906401,2023-05-05,True
2754,Fraud,22149.317404979465,2022-10-07,True
2755,Medical,78262.40012951348,2022-06-13,False
2756,Property,2446.7931085022888,2023-02-02,False
2757,Auto,28245.788023473742,2022-03-09,False
2758,Property,9418.724171891103,2023-03-04,False
2759,Auto,18480.216372077564,2023-03-08,False
2760,Auto,55362.200637236085,2023-01-10,True
2761,Fraud,15663.14539159017,2023-12-25,True
2762,Medical,66242.35235651665,2023-09-24,False
2763,Fraud,128327.12512271458,2023-11-28,False
2764,Medical,7216.092728602042,2023-02-27,True
2765,Fraud,21363.927756113684,2023-12-29,True
2766,Fraud,51066.69593650421,2023-10-04,True
2767,Auto,33727.99975111845,2022-03-19,False
2768,Fraud,9129.962733211843,2023-05-03,False
2769,Fraud,17647.791251481696,2022-06-19,False
2770,Medical,107870.4796466516,2022-02-07,False
2771,Fraud,47256.271918876184,2023-07-21,True
2772,Auto,24142.394842644513,2022-10-17,True
2773,Fraud,11448.676039557507,2023-07-12,False
2774,Property,80305.61755386612,2022-06-20,True
2775,Property,59550.244575806966,2023-10-04,False
2776,Medical,55917.84646465035,2023-11-07,True
2777,Medical,62642.19180605601,2023-08-05,False
2778,Property,29081.9986217833,2022-10-19,False
2779,Fraud,80731.36791220591,2023-08-04,True
2780,Fraud,47914.98463571063,2023-02-26,True
2781,Medical,38408.65009284553,2022-04-15,True
2782,Auto,52477.29504685429,2023-07-20,True
2783,Fraud,64326.10930276334,2023-02-10,True
2784,Property,35251.62787603526,2023-04-04,False
2785,Auto,45288.86970642839,2022-09-05,False
2786,Auto,143483.0591970258,2022-11-05,False
2787,Fraud,7226.70681996658,2023-01-08,True
2788,Auto,17849.760704466764,2022-04-16,False
2789,Medical,8757.705891576183,2022-11-11,True
2790,Auto,50662.376487842084,2023-09-01,True
2791,Medical,1280.9517187150534,2023-06-23,True
2792,Fraud,77881.00401533826,2022-03-13,False
2793,Auto,42342.295298622,2023-01-13,False
2794,Property,77420.94545147779,2023-05-11,True
2795,Property,34258.62954629026,2022-07-04,False
2796,Medical,44226.49305549081,2022-05-14,False
2797,Medical,76273.64122430528,2022-06-23,True
2798,Fraud,15416.799067706032,2023-09-02,True
2799,Auto,7281.247567681033,2023-01-28,False
2800,Medical,43612.95052192049,2022-03-05,False
2801,Medical,35803.80617802019,2023-02-19,True
2802,Fraud,28646.913201108528,2023-02-07,False
2803,Auto,84601.97637267184,2022-04-23,False
2804,Auto,47019.72743971443,2022-03-06,False
2805,Medical,4486.80259084993,2023-12-29,True
2806,Auto,58655.60629142969,2023-02-05,True
2807,Auto,61634.468460101416,2022-10-17,True
2808,Auto,15579.472357218747,2023-04-28,False
2809,Property,14745.68640878989,2023-02-24,True
2810,Auto,16727.879849696747,2022-11-11,True
2811,Property,39671.03244719667,2022-03-30,False
2812,Auto,86328.05604856332,2023-10-23,False
2813,Auto,19468.600450532835,2022-12-23,False
2814,Auto,98029.57184451689,2023-06-02,False
2815,Medical,16786.176096997897,2022-12-31,True
2816,Medical,62627.672150988794,2022-09-24,True
2817,Property,12824.756801468733,2023-02-10,False
2818,Auto,16940.432546225267,2022-05-19,True
2819,Property,22423.98933269992,2022-06-14,True
2820,Auto,9274.798306275228,2023-11-28,False
2821,Fraud,17883.520101977094,2023-10-28,False
2822,Property,15734.98018632937,2022-04-16,False
2823,Medical,28812.78279394239,2022-05-29,True
2824,Fraud,63114.4092030395,2022-07-04,True
2825,Medical,11641.533871082152,2023-02-14,True
2826,Fraud,29319.797627354546,2023-12-04,True
2827,Fraud,14282.651598247805,2023-11-06,True
2828,Fraud,114963.31031089333,2022-07-20,True
2829,Property,24487.75475376575,2023-09-10,False
2830,Property,38706.59219031913,2023-12-28,False
2831,Medical,19635.88781684174,2022-08-08,False
2832,Property,47374.505077036825,2023-04-15,False
2833,Medical,51059.38573500737,2023-12-30,True
2834,Auto,37433.65201088547,2023-03-10,False
2835,Medical,27472.19222869791,2022-01-29,False
2836,Medical,33390.866583860596,2022-03-05,False
2837,Property,122442.6315166345,2022-04-06,False
2838,Medical,97394.82851068708,2023-10-28,True
2839,Property,32789.859311987835,2023-06-24,True
2840,Medical,48398.09242188793,2023-05-25,True
2841,Auto,36718.548985289366,2022-12-06,False
2842,Property,122071.72936214574,2023-11-19,False
2843,Property,19160.85893986512,2022-09-08,True
2844,Auto,25834.543863933817,2023-12-07,False
2845,Property,9897.865158715202,2022-10-06,False
2846,Medical,25543.06037247982,2022-02-08,True
2847,Fraud,26405.142227730496,2022-03-10,False
2848,Property,73790.27659369257,2022-10-04,False
2849,Fraud,47377.84829142789,2022-04-30,False
2850,Medical,27428.028482809415,2022-03-27,False
2851,Auto,23007.07683758231,2022-06-26,False
2852,Property,51430.49152861686,2023-08-29,False
2853,Fraud,19352.5933566126,2022-04-02,False
2854,Auto,34272.52495509565,2023-02-24,False
2855,Auto,33361.49699151022,2022-03-22,False
2856,Property,46643.40463284984,2022-12-07,False
2857,Fraud,19026.628577905012,2023-02-25,True
2858,Property,19814.661851414858,2022-08-16,True
2859,Medical,14713.75725774495,2023-04-18,True
2860,Auto,3194.242375555847,2022-03-29,True
2861,Fraud,20990.59791207182,2022-12-16,False
2862,Property,18597.694619238897,2023-10-02,True
2863,Auto,108940.30725566784,2022-07-09,True
2864,Property,35797.48862302974,2023-10-08,True
2865,Fraud,10130.707354221053,2022-05-16,True
2866,Medical,10920.72104984129,2022-11-21,True
2867,Medical,51427.59475431577,2022-02-09,False
2868,Medical,80139.38098193647,2023-10-12,True
2869,Property,5293.915528373198,2022-10-14,False
2870,Auto,30400.073386941098,2022-09-13,False
2871,Medical,11241.653479459872,2023-08-20,False
2872,Medical,10081.197013560792,2023-02-24,False
2873,Medical,52409.776789072566,2023-06-23,True
2874,Medical,32055.89571665934,2022-10-18,False
2875,Fraud,15573.64262119666,2022-11-12,False
2876,Fraud,4352.298281902259,2022-05-12,False
2877,Auto,26167.73314259237,2023-08-26,True
2878,Fraud,46861.72188072017,2023-06-23,False
2879,Fraud,38166.894689247754,2022-10-30,True
2880,Fraud,6354.938614992732,2022-10-09,True
2881,Property,47966.050069914854,2023-05-07,False
2882,Fraud,60353.880414963,2022-10-07,False
2883,Property,47069.54677757147,2023-05-15,False
2884,Property,22279.910489475325,2022-07-18,False
2885,Fraud,83181.47068644624,2023-01-10,True
2886,Property,59940.001632727304,2022-10-27,False
2887,Medical,15300.270496741248,2023-10-28,True
2888,Auto,5453.542647083719,2022-10-26,True
2889,Fraud,31981.387281674128,2023-07-09,True
2890,Fraud,26413.49157284085,2022-11-18,True
2891,Auto,26880.949096554607,2022-04-20,False
2892,Fraud,65716.98166988415,2023-09-15,True
2893,Fraud,24074.667987934434,2023-04-16,True
2894,Auto,20475.476807262334,2023-02-16,False
2895,Property,56565.790874517916,2023-05-28,False
2896,Medical,25264.679957553075,2023-04-25,False
2897,Property,2446.992066617542,2022-05-20,False
2898,Medical,12906.962828529631,2023-11-21,True
2899,Auto,14390.440559486311,2023-05-19,True
2900,Property,88091.30855480203,2022-03-01,True
2901,Property,37272.45392454322,2022-07-02,True
2902,Medical,26984.860205739667,2023-02-23,True
2903,Medical,14246.470292241875,2022-08-15,True
2904,Medical,14648.198298101044,2023-01-26,False
2905,Medical,53574.210342892475,2022-05-24,False
2906,Fraud,76941.51628158236,2023-07-18,True
2907,Auto,32999.896466263686,2023-08-16,True
2908,Medical,21382.33711386856,2023-10-23,True
2909,Property,116447.2827177418,2022-01-27,True
2910,Property,45780.91482610396,2023-09-15,True
2911,Property,68336.20311401936,2023-05-23,False
2912,Medical,49179.31113528112,2023-08-14,False
2913,Auto,122926.15101508307,2022-05-07,False
2914,Fraud,28504.082035839652,2023-04-01,True
2915,Medical,32328.42274405242,2022-10-08,True
2916,Medical,,2023-01-30,False
2917,Fraud,69382.22529145349,2022-11-15,True
2918,Auto,52553.663827625925,2023-03-17,True
2919,Medical,25316.734415162726,2022-12-07,True
2920,Property,61768.88466813505,2023-11-25,True
2921,Property,22958.389648311644,2022-04-29,False
2922,Medical,2753.486930997375,2023-11-21,True
2923,Auto,25378.47170945905,2023-12-14,False
2924,Property,26848.339404455026,2023-01-03,True
2925,Property,25415.10264875772,2023-01-20,False
2926,Fraud,105681.38013297267,2023-05-25,False
2927,Auto,49855.01563797243,2023-08-05,True
2928,Medical,15156.36151894435,2022-06-07,False
2929,Fraud,47320.82713716822,2023-09-02,False
2930,Fraud,10214.990726238924,2023-12-18,False
2931,Fraud,15000.688518922549,2022-03-27,False
2932,Auto,23716.119802928,2022-12-27,False
2933,Auto,101929.95512861873,2022-03-26,True
2934,Auto,24678.918006553013,2022-12-25,False
2935,Medical,17027.16458635623,2023-12-28,True
2936,Auto,12002.67829304813,2022-05-13,False
2937,Fraud,18732.42987692447,2023-01-22,False
2938,Property,13523.65370660763,2022-09-04,True
2939,Medical,48384.20584488261,2022-05-21,False
2940,Medical,44607.83294651019,2023-03-23,False
2941,Medical,20649.06355659539,2022-03-17,False
2942,Fraud,24983.50225523736,2022-04-08,True
2943,Auto,20202.48207183885,2022-10-30,True
2944,Fraud,6552.628407079111,2023-04-11,False
2945,Property,25832.377212166513,2022-02-24,True
2946,Auto,23065.361212464573,2022-11-01,False
2947,Property,35543.561977948986,2023-06-18,True
2948,Medical,9245.463057917437,2022-02-04,True
2949,Medical,13489.28510436149,2023-06-24,True
2950,Fraud,29680.944845892936,2023-05-04,False
2951,Auto,82393.56418261743,2023-11-13,True
2952,Medical,2350.2499263627087,2022-05-20,False
2953,Fraud,29223.15322390296,2023-10-03,True
2954,Property,18646.417043226404,2022-04-10,False
2955,Fraud,45870.93452504676,2023-01-08,False
2956,Auto,27842.645583753627,2022-01-23,True
2957,Auto,7467.6481963926035,2022-10-11,True
2958,Auto,11748.088592928818,2022-04-23,False
2959,Medical,19861.448803405267,2023-01-08,False
2960,Fraud,84305.01926227272,2022-07-16,True
2961,Property,10272.508203762509,2022-06-13,True
2962,Auto,57057.57793592514,2023-03-07,False
2963,Fraud,24209.903602721315,2023-07-22,False
2964,Medical,14231.166527018946,2022-01-10,False
2965,Property,13767.587401866274,2023-10-07,False
2966,Property,6703.510751658723,2023-02-02,True
2967,Property,79746.5633663779,2022-06-01,True
2968,Medical,10453.825136369518,2022-07-10,True
2969,Auto,26028.757491126606,2022-10-04,True
2970,Medical,27582.997278312272,2023-05-08,True
2971,Property,36922.475065350256,2022-08-31,True
2972,Fraud,14887.132615509541,2023-05-03,False
2973,Property,12650.578723321376,2022-10-03,True
2974,Fraud,19228.044569940223,2022-07-09,False
2975,Medical,63040.63220021651,2023-09-19,True
2976,Medical,126535.003043183,2022-11-03,True
2977,Medical,80324.78172332309,2022-10-23,False
2978,Fraud,63374.46186213371,2022-08-22,True
2979,Medical,34990.532611066345,2022-12-07,False
2980,Auto,62282.81019775283,2023-08-16,False
2981,Property,57085.719554972275,2022-07-12,False
2982,Auto,77026.13215301574,2022-12-30,True
2983,Fraud,50623.65756137449,2022-09-15,False
2984,Medical,33278.471812147494,2023-05-26,False
2985,Property,17478.230440539264,2022-08-19,False
2986,Medical,2742.7889472944194,2022-01-14,False
2987,Medical,8511.602730802444,2022-01-14,False
2988,Property,4453.969520314801,2023-07-10,True
2989,Property,53617.80052496617,2022-07-29,True
2990,Auto,9525.918660329782,2022-02-09,True
2991,Auto,3003.0114625889332,2022-02-03,False
2992,Auto,9851.149064854124,2022-08-22,True
2993,Auto,30584.547243572124,2022-10-17,True
2994,Auto,24819.31236563193,2023-03-09,False
2995,Fraud,41293.46044270874,2022-11-14,False
2996,Fraud,9444.48634569454,2023-10-02,True
2997,Medical,14959.403201987274,2023-02-12,True
2998,Medical,93416.6608043977,2023-12-22,True
2999,Auto,30191.03205302026,2022-03-21,False
3000,Medical,25565.3064691391,2022-06-25,True
